0	0	0.6488664951732706	3.151024785774345E-5	3.178716712444967E-5	0.020707512743150133	3.8618607784889544E-5	0.2806759989802673	5.481081476714185E-5	2.4829818544853737E-5	0.00632068564254538	0.04324775080468762
1	1	0.6359409645254582	9.269416243569608E-5	0.32465339520045594	2.3700922079386195E-4	1.13604930028289E-4	0.024146933392213365	0.012861407253561413	7.304224466390327E-5	0.0016600952014757602	2.2085386891351476E-4
2	2	0.7310908804459613	0.035414126419120354	0.1169757208893739	3.702332702578406E-4	1.7746282031098036E-4	2.463820551084059E-4	2.5187033738501566E-4	1.1409964987147268E-4	3.8890985875175075E-4	0.11497031425385908
3	3	0.7475094227353039	1.0366558304145151E-4	1.0457661990057468E-4	0.004999522204124797	1.2705138056493887E-4	0.13116312551252599	1.8032213188118242E-4	0.0016598410397549394	0.09181133065680658	0.022341142136095688
4	4	0.6947088927431806	0.057384873027941624	0.004380910821507243	3.56103786200629E-4	1.7069017643544336E-4	2.369791958861302E-4	2.4225802481762367E-4	1.0974518118023476E-4	0.18271190799814552	0.059697639044704945
5	5	0.5654034591846526	1.6313815985023774E-4	0.03493405357453843	4.1712711061683367E-4	1.999403063551821E-4	0.26104870176313494	2.83772298503402E-4	1.2855154060069742E-4	0.10723014884674041	0.030191107215007295
6	6	0.6863985816879558	0.0013810473552071324	8.587444032460439E-5	0.0015135800957133067	1.0432987993736532E-4	1.4484729918715734E-4	1.4807384449945247E-4	6.707885488986346E-5	0.30995376385121276	2.0282269107257898E-4
7	7	0.578209603711016	1.639525233162756E-4	1.65393375598249E-4	4.1920935231854297E-4	2.009383811221989E-4	2.7897455480696114E-4	2.851888511529287E-4	1.2919325237594482E-4	0.41975691137642385	3.9063462186900974E-4
8	8	0.7288070891328334	5.399658123657502E-4	5.447111554516505E-4	0.0013806357712429994	6.617760678730343E-4	9.187825784487974E-4	0.26398474128346766	4.254886601335116E-4	0.0014502825810543383	0.0012865269571288658
9	9	0.7706106999164608	0.017928711045867872	0.03177336669662744	0.03790741166739752	1.5921298175315113E-4	0.04966216614449452	2.2596861336909174E-4	1.0236592341536059E-4	0.08340999930064978	0.008220097709964456
10	10	0.7027881280190849	0.19232948931430788	8.381080873133358E-5	0.03942057767935119	0.003896159761929538	0.059585979699696784	1.4451551139718025E-4	6.546689627135134E-5	2.2314460570638865E-4	0.0014627277035235036
11	11	0.7032280211971967	0.03798948788654293	6.283132514662445E-5	0.021967395789385773	7.633452496545386E-5	0.001054159802003174	0.2229306635258047	4.9079252523997944E-5	0.0020636473456857826	0.010578379350744908
12	12	0.6910851185166301	0.033578726536154596	0.002901051968099313	0.005113935019634662	5.743676653575689E-5	7.931867063617355E-4	0.009356289461744981	0.007884811520116846	0.15208941708736037	0.0971400264173617
13	13	0.5991935478116408	0.39868040198264526	7.316848318212028E-5	0.0012896312262341521	8.889326133287855E-5	1.2341573504863354E-4	1.261648816576435E-4	5.715388708598809E-5	1.9480962631141722E-4	1.7281310486100962E-4
14	14	0.718294331770082	0.012320404480270546	3.1321399503411174E-5	0.0813782040790732	0.037851455640912746	5.2830855230985525E-5	5.400768869109599E-5	0.147496737303869	8.339260112339156E-5	0.0024373141812436883
15	15	0.6199895733379057	0.04235208377437029	2.952136074194773E-5	7.482543041055743E-5	3.586585263499644E-5	4.97946694690217E-5	5.0903870387880134E-5	0.2575240044125319	7.860003384283258E-5	0.07981482725770488
16	16	0.6719753410309248	0.30209023386486517	1.829694873921825E-5	4.6375811622617776E-5	2.2229180859485988E-5	3.086207721673249E-5	3.154954526846795E-5	1.429224300928153E-5	4.871526088157693E-5	0.025722104036612646
17	17	0.6403294303808919	2.5652802875663093E-5	0.004321659229164877	4.561170619285847E-4	3.143978864624726E-5	0.004729956232460321	4.462202369920251E-5	2.0214199629441792E-5	6.890031241569516E-5	0.34997200796828815
18	18	0.6975350670909952	0.04394720435989451	3.2696872258149607E-5	8.287414530722078E-5	0.24181779396159417	5.48575544210463E-4	0.00992487208399008	5.189650468460325E-4	0.005021301099316639	5.706497955875711E-4
19	19	0.6457883732727697	0.013047817357787284	5.738974385074878E-5	0.24264277591223787	6.972348306378732E-5	0.020016223486811698	9.895750091292757E-5	4.482868575770885E-5	0.07290199346418405	0.005331917092624215
20	20	0.6681538180889366	6.26403253211781E-5	0.0019704012932507515	0.06214450500998964	7.677128298125994E-5	0.2442295262944598	0.01918106504255749	4.9360065916880497E-5	1.682443047400679E-4	0.003963668291846422
21	21	0.806925999149857	0.03266231080259001	0.0012867467047235402	2.026870833573266E-4	0.08939881860636306	1.348837723490609E-4	0.0037582261537540454	6.246474075232358E-5	0.06537899174154704	1.888712447065306E-4
22	22	0.7176191101728882	4.333969913775429E-5	4.3720578328507643E-5	0.004729289594953723	0.062072631957917526	0.1485247124557388	0.050878607657072236	3.415132975904358E-5	0.0034153155559642294	0.012639120998240107
23	23	0.611093086440178	7.694927556615529E-5	7.762552340335273E-5	0.009568251959229565	9.430817256140575E-5	0.36796233831039193	0.010676788536812174	6.0635402110810616E-5	2.066764069551005E-4	1.8333997279135092E-4
24	24	0.7395417022171613	6.816558533967011E-5	6.876464009773107E-5	1.7429222986420947E-4	8.354297993924618E-5	0.0011537066776975034	0.1495501148681175	5.371392578785506E-5	0.10603042783779341	0.003275569038201482
25	25	0.7915220629317363	5.03489834456488E-5	5.079146183039899E-5	8.952249978932044E-4	0.18018637412060517	8.567166248876251E-5	0.02078275454400466	3.967458867722255E-5	0.00550064686536188	8.864498439567684E-4
26	26	0.702471618201125	2.49607094563554E-5	0.2036995290821672	6.382190790943037E-5	3.059156668266855E-5	0.04830113312182818	0.03728238495192382	1.9668835654677806E-5	0.008046820032923655	5.9471590328964884E-5
27	27	0.6620793778156167	4.448434818906865E-5	4.4875286817543884E-5	0.0231388017959937	5.451952022198817E-5	0.16260552793141653	7.737874292946589E-5	0.0020666762448813755	0.11185874131046428	0.0380296170034694
28	28	0.6342320909733735	4.491013702415615E-5	4.5304817582320935E-5	7.985201402573349E-4	0.0014224206522212457	7.601068005635582E-4	7.811938556341975E-5	3.538882201652638E-5	1.2062317270334745E-4	0.3624625150986946
29	29	0.7001299553676106	8.173675069797024E-5	8.245507196184657E-5	0.0064305909764231315	1.0017564860380823E-4	0.0026277192177014616	0.2888243576988037	6.440789350305947E-5	2.1953498361291122E-4	0.0014390663910814401
30	30	0.7131093003821088	0.08761846771546655	4.002361718578289E-5	1.0144465929912964E-4	4.8625169024308706E-5	6.750917771513354E-5	0.13475915634277988	3.1263533121430494E-5	1.065620820399743E-4	0.06411764732125905
31	31	0.6717273069798119	0.016071334198575846	4.2487158633307514E-5	0.013572231226794598	0.01736317270276765	0.28090354940401335	7.326087828824436E-5	3.318787217562426E-5	1.131212119812143E-4	1.0034836695833436E-4
32	32	0.650436549172192	0.1138936624795743	5.939592506877962E-5	1.5054609768002956E-4	9.684976983381086E-4	1.0018509927301974E-4	1.0241677196719617E-4	0.2286123006344029	0.002847151110665052	0.002829295010838706
33	33	0.6616680022615116	0.31408150911073035	8.064872162664957E-5	2.0441386020531867E-4	9.798109207588723E-5	1.3603290416054183E-4	0.003790244069273506	0.019535962049931632	2.1472561189324135E-4	1.9048031859130162E-4
34	34	0.7095286374559946	1.0600773356099373E-4	1.0693935377469143E-4	2.7105062141150553E-4	1.2992189407837505E-4	1.8037819533416974E-4	1.8439620895169476E-4	0.28411394232159753	2.84723895327693E-4	0.00509400231996869
35	35	0.7100154656236981	5.6693383515717184E-5	5.719161793967804E-5	1.4495901681563973E-4	6.948277753561902E-5	9.646702049402036E-5	0.09848881744097185	0.18042671013558803	0.002741487372225067	0.007902725611216329
36	36	0.6242931578356989	9.348568513173871E-5	9.430725871919773E-5	2.390330610498205E-4	0.3530631380789538	0.01723722749431765	0.0030089739865540323	7.366595809851665E-5	2.510911943303821E-4	0.0016459194471459201
37	37	0.7544787666862102	7.501599141023758E-5	7.567524910399951E-5	0.0036178267050304773	9.193876109592977E-5	1.2764398121950936E-4	1.3048731410564307E-4	0.1736440598411729	2.0148384055303242E-4	0.06755710163009805
38	38	0.7009312970731738	1.2127326163415228E-4	1.2233903880081926E-4	3.1008297057519816E-4	1.4863115475915564E-4	2.0635336065618959E-4	0.01682678569890057	9.556234195024242E-5	0.218177793512166	0.06305988158738375
39	39	0.7045907134350079	4.5659340665994686E-5	0.003521536353016024	0.08561344952158863	5.5959577876293533E-5	7.769196824438725E-5	0.04178513156673355	0.16268824417694422	0.0015128257417252845	1.0878831819771411E-4
40	40	0.6223138925563106	0.3507098944832879	0.025951100977631907	9.260710032242692E-5	4.438908797308915E-5	6.162797762389012E-5	6.300077134130464E-5	2.8539946491147325E-5	9.72787083146846E-5	6.376683907031033E-4
41	41	0.6170034969220367	0.3535322154234394	6.524398398510215E-5	1.653687045816944E-4	7.926569291247896E-5	1.1004921642260182E-4	1.1250061721062272E-4	5.0963845791951063E-5	1.7371080534182428E-4	0.028707184788277645
42	42	0.6918203586183516	0.007021872745860145	5.768952000120304E-5	1.4622100932274576E-4	0.0018112591341381584	9.730684860351375E-5	9.947440683882613E-5	0.29865596643145986	1.5359719574268378E-4	1.3625408968140807E-4
43	43	0.7012358713840875	7.35050140899937E-5	7.415099296940226E-5	1.879445874058879E-4	9.0086924170819E-5	1.2507296726551668E-4	1.278590295427564E-4	0.2563098068435395	0.030410529941929772	0.01136517231499881
44	44	0.6646839637217095	7.342285363286889E-5	0.261628292747007	0.004658746898710695	8.998622923235153E-5	1.249331665690375E-4	1.2771611471653916E-4	5.785661036307843E-5	1.9720486600533938E-4	0.06835787679205356
45	45	0.7191022055460703	0.06225011471992172	7.357468050552549E-5	0.0012967906578568117	8.938675529710765E-5	0.0012344076852295759	1.2686529028999838E-4	0.2154569910635587	1.9589111857885026E-4	1.737724826913408E-4
46	46	0.645376390101944	0.03408912465720613	5.9342733987638005E-5	1.5041127850366388E-4	7.209619403261949E-5	1.0009538009214258E-4	0.021595145410533024	0.010792764397476165	0.07896500681803802	0.20879962302818664
47	47	0.7195215705248864	7.00557378614959E-5	7.067140371232483E-5	1.7912515099546472E-4	0.006484822310236918	0.0011856976240882783	0.16436190385063637	5.520335057279844E-5	0.0684437641938539	0.03962718585315606
48	48	0.7203708108871745	6.931648188210014E-5	6.992565098226413E-5	1.7723495123487745E-4	8.495350588540019E-5	1.1794594119506322E-4	0.002231052706398495	0.0011098605533654705	0.052948162174317366	0.22282073714756445
49	49	0.7115274479567496	4.947674685564115E-5	4.9911559825698647E-5	0.28709930631132113	6.063814825946296E-5	8.418750226077797E-5	8.606282056010206E-5	3.898727335187674E-5	1.3288853199351695E-4	8.710931488222913E-4
50	50	0.6358765348119918	2.71828540919093E-4	2.7421743232232697E-4	6.950369794587685E-4	0.008609515714871079	4.6253174182895793E-4	4.728348654064132E-4	2.1419867519940154E-4	0.34833745748922323	0.004785843748778808
51	51	0.505570567406372	1.0972635898863363E-4	1.1069065933329145E-4	0.020325594569414934	1.3447939986307333E-4	1.867056482588708E-4	0.0018612842601925435	8.646347675763294E-5	0.47135305330121186	2.614349196072001E-4
52	52	0.6071949274613664	2.283589506708487E-4	2.3036582137053542E-4	5.838898107240379E-4	0.19495958291324225	3.885657586171513E-4	3.9722125329340774E-4	1.7994499230373343E-4	0.19181662976614625	0.004020513272265465
53	53	0.6316817639492904	1.7533045817060813E-4	1.7687130234698734E-4	4.48301534643826E-4	2.1488305098088146E-4	0.024320629941970016	0.3099256737842297	1.3815897232596477E-4	0.029831499314376838	0.003086887691664725
54	54	0.5178080151967128	2.0048071671580599E-4	0.036826470198706975	0.14395749957835463	2.4570692690945115E-4	3.411293559982701E-4	3.4872818131747956E-4	1.5797717111807482E-4	0.2843762308420342	0.01573776183213229
55	55	0.6165947678923377	1.9226554351690542E-4	1.9395521709751135E-4	0.12635067837038977	2.3563850240560161E-4	3.271507709818976E-4	3.34438216398201E-4	1.5150368158019044E-4	0.25516150835011997	4.5809345517227695E-4
56	56	0.7161615250017861	1.607428967600691E-4	0.14453929212548447	4.11002674906106E-4	0.007538215033416362	2.7351319244727965E-4	2.7960583424242535E-4	1.2666409280388623E-4	0.09586747024658943	0.03464196890156396
57	57	0.7408713320186967	2.885452849998509E-4	0.0046837513510617134	0.08859118521701617	0.004746308142148388	0.009276316762003144	5.019129725497365E-4	2.273713333155761E-4	0.15012578656418366	6.874903540250245E-4
58	58	0.6018516006164987	1.8163291523293782E-4	0.05548501692158731	0.094477455471321	0.005752786049428362	3.09058748474713E-4	3.1594318513118394E-4	1.4312525713435043E-4	0.2410506207670582	4.327600681333407E-4
59	59	0.49096823573160514	4.506418661288947E-5	0.33688855659085876	1.1522438386818045E-4	5.523016371705804E-5	0.1420858869142774	7.838734865628832E-5	3.551021183714684E-5	0.029620534169279965	1.0737029928720256E-4
60	60	0.5995006967025902	9.927862963407397E-5	1.001511129430591E-4	0.29497072256894674	0.0107012549995152	0.021328088681891816	0.0560933295079749	7.823075116148347E-5	2.6665033958060127E-4	0.016861596705761896
61	61	0.669932513534509	9.636574636511986E-5	9.721263058956332E-5	0.306854478519387	0.0015851290954111803	0.0030980204313169313	0.01777191611579631	7.593542288171251E-5	2.588266889552034E-4	2.2960181478784588E-4
62	62	0.5940787204782336	7.888998412437701E-5	7.958328735235587E-5	0.005005641305042489	9.668668329141023E-5	0.31959544220266434	0.027759811485335444	6.216466464046884E-5	0.007417780788134514	0.04582527912118083
63	63	0.7745661131008241	9.679173384570568E-5	9.764236174558078E-5	0.20211826520135245	1.1862686777591135E-4	0.00458522465258943	0.011956440027923051	7.627109754517683E-5	0.001733480174776319	0.004651144781622239
64	64	0.7422610237213743	5.307461391119027E-5	5.354104576000832E-5	0.05992634390071376	6.50476539322748E-5	0.19319790960756236	9.232116627762214E-5	4.1822363273768245E-5	1.4255196586306302E-4	0.004166363961331719
65	65	0.781241888517155	1.1140113885214483E-4	0.005200127164274742	0.010460335004747816	1.3653199135543368E-4	1.8955538156807642E-4	1.9377782155315703E-4	8.778318964282812E-5	0.20211317452705438	2.654252637962583E-4
66	66	0.7472026759808825	7.127191474074835E-5	7.189826863221435E-5	0.03924253251379585	8.735006255352755E-5	1.2127322155746393E-4	0.18891541365392187	5.6161688043408475E-5	0.0012764359756007903	0.0229549867202716
67	67	0.6979403647300327	5.421350528100264E-5	5.468994596772036E-5	0.09505036161241953	0.1552265109105364	0.018249276535445502	0.01329941434512366	4.271980039271467E-5	1.4561088973847532E-4	0.01993683772506236
68	68	0.7051655700904637	4.0859527796444024E-5	0.0012852689700912005	0.04178016055412981	0.2252231920353416	6.952481331834474E-5	0.009401451208589573	3.219697495222326E-5	1.0974372835506395E-4	0.01689203209696209
69	69	0.6558890415444786	0.010704432908735382	1.1694158819606372E-4	0.00559065752295008	1.4207372775953346E-4	0.3249115583247441	2.0164312548190944E-4	9.13462468639392E-5	0.0020761063243526843	2.761986864376836E-4
70	70	0.7039123865798871	1.5078068242329316E-4	1.52105777554205E-4	3.855303409931837E-4	0.2939973139079988	2.56561917448405E-4	2.6227696119932086E-4	1.1881394908544194E-4	4.049785972928729E-4	3.59251286117457E-4
71	71	0.4593333472712267	8.436105381359251E-5	8.510243805360518E-5	0.19414059760321983	0.007809016942581675	0.33533823165372023	1.4674267606566637E-4	6.647582297355339E-5	0.0027951252021324925	2.009993362125492E-4
72	72	0.6265331825357862	5.027191780775084E-5	5.071371892204504E-5	0.3644183541080929	0.0015922421719188112	0.006973373150520867	8.744598859994297E-5	3.9613861582542475E-5	1.350242645795347E-4	1.1977828218951982E-4
73	73	0.7505184536536263	8.07321841927852E-5	0.0013104683959306986	0.014954744326984022	0.19551419275776996	0.0013663971275856704	1.4043040262693812E-4	6.361630328286853E-5	0.03585861168620173	1.9235316179898787E-4
74	74	0.5453433695047148	1.2496462460777742E-4	0.00202846228917551	0.39411620689709154	1.5315524798475245E-4	0.0021150338718216944	2.1737096206747556E-4	9.847110589370917E-5	0.05550522376084456	2.9774173579807267E-4
75	75	0.557528114394711	7.433684627424082E-5	7.499013548518103E-5	0.43927697118944914	9.110640840373636E-5	1.2648837709624422E-4	1.293059683283208E-4	0.0011902440963709388	0.0013313270064694526	1.7711557741173297E-4
76	76	0.6844402206124756	1.6784297797559846E-5	0.001550026737331083	0.014096285923666319	0.0018091814057216125	2.855943849542994E-5	0.2979606447044698	1.3225889894540616E-5	4.5080585054784E-5	3.999040509330042E-5
77	77	0.6983880556862885	9.664932017019475E-5	9.749869650610978E-5	0.019374559043680697	1.1845232716605671E-4	0.2473497927309516	0.034008967524705044	7.615887672935823E-5	2.59588333749235E-4	2.302774600531749E-4
78	78	0.5966766965916106	8.240824542312069E-4	2.6435732328238504E-5	0.33158490686149905	0.004819379213397092	0.03874162556680194	0.004832845429115855	2.064966765489487E-5	0.009245970354063425	0.01322740812929772
79	79	0.6226675036614906	3.607932839167859E-5	3.639640178337586E-5	0.008880311775521094	0.36694575384958567	0.0011598986229205477	6.27585474518319E-5	2.8430216773601826E-5	9.690469341630795E-5	8.596290266532357E-5
80	80	0.7510201281817616	0.0011793123302874238	7.333042270382425E-5	1.8586475362584345E-4	8.909000358578437E-5	1.236888838722161E-4	0.2457962479347486	0.001163901120366159	1.952407870562652E-4	1.7319558199225903E-4
81	81	0.6402554658324845	1.3581646571641265E-4	0.02908344494014903	3.4726841329144054E-4	1.66455143225511E-4	0.28349264085713305	0.03952069465362257	1.0702226825909123E-4	3.6478652895797825E-4	0.00652640489716049
82	82	0.5779510767274681	1.0704422727682235E-4	1.079849564344112E-4	0.329450518976751	0.06368513234706173	1.8214184841546877E-4	0.0034453755656050087	8.434997882456903E-5	0.021472154504164176	0.0035142208679986645
83	83	0.5587836136984446	9.693456783631549E-5	9.778645099397589E-5	0.13601075823957542	0.01635132338255685	0.2716907531838051	1.686138003799796E-4	7.638364956586833E-5	0.016492875933368303	2.3095709347351048E-4
84	84	0.6450347190603372	5.659569120929496E-5	5.7093067090918125E-5	0.3327164128422885	0.004377286668884624	0.011296902208537513	0.00526795428562419	4.4596943492529E-5	0.0010135938761616462	1.3484535637374657E-4
85	85	0.7163061119995434	8.173675069797024E-5	8.245507196184657E-5	0.06242497931772898	1.0017564860380823E-4	1.3907973586564624E-4	1.421778058490756E-4	0.22030900203597273	2.1953498361291122E-4	1.9474665016353242E-4
86	86	0.7882178032317116	1.90591980921346E-4	1.9226694685100482E-4	0.009191756922482044	2.335874027832453E-4	0.006127258628831794	3.3152712125732663E-4	0.18584476156495985	5.119069090834197E-4	0.009158539291118335
87	87	0.5040915150764311	1.1511026767767732E-4	1.1612188304355979E-4	0.12471341886627799	1.410778582106722E-4	1.9586667548350143E-4	0.026485953791995417	0.00534785077079878	0.3297569141158577	0.009036170694223458
88	88	0.7042651135176801	7.994613668832496E-5	0.2215856272537028	0.011157956754648646	0.011051523986519214	1.3603290416054183E-4	0.02569732985816016	6.299690425460647E-5	0.006300027219917311	0.019663445464268327
89	89	0.5596701227678068	1.175828683456499E-4	1.1861621349185412E-4	0.02178092604485439	1.4410824996881333E-4	0.3868450963359087	0.0019945539443509746	9.265434211075078E-5	3.1581330129951417E-4	0.028920525931862544
90	90	0.6763674629435179	1.5078068242329316E-4	1.52105777554205E-4	3.855303409931837E-4	1.847951200616213E-4	2.56561917448405E-4	0.009443918173322359	1.1881394908544194E-4	0.31258077980947613	3.59251286117457E-4
91	91	0.56976568947841	8.512633065662441E-5	0.0039736375139761285	2.176590711627987E-4	1.0432987993736532E-4	1.4484729918715734E-4	1.4807384449945247E-4	6.707885488986346E-5	0.425290735036208	2.0282269107257898E-4
92	92	0.7467199007190081	6.473934167615742E-5	6.530828582108896E-5	1.6553168529914709E-4	0.02767501314100544	1.1015767648639098E-4	0.03460719815205963	5.101407370038351E-5	0.07211973418173125	0.11842140274321236
93	93	0.6856009020540335	5.76891818009441E-5	5.819616752804219E-5	0.006295125546797592	7.070321679029132E-5	9.816142798272254E-5	9.785795050449662E-4	4.5458605168239384E-5	0.1907311778693107	0.11606400642554311
94	94	0.7262688631566385	0.009818201411389307	0.0014816400676267152	2.33386495407527E-4	0.018176156064122356	0.0015448741372226455	0.014054379088059968	7.192578179746924E-5	0.22813309571696597	2.174780807694781E-4
95	95	0.5834420937901722	6.276002189205446E-5	0.01726100542689537	1.6047077285973046E-4	7.691798176143897E-5	1.0678975116007232E-4	0.014440580092056614	0.03826655184266925	0.2867967967214138	0.059386033599119564
96	96	0.665090842931377	5.83554262435801E-5	9.472423245810159E-4	1.4920868520365893E-4	7.151975853681075E-5	9.929508084159585E-5	1.0150692793450887E-4	0.03735769401543396	1.5673558631474865E-4	0.29596759926353317
97	97	0.6392900252002932	2.3837516826697506E-5	0.3059407635968945	6.09500225289319E-5	2.9214994342537702E-5	4.056089232370618E-5	4.1464406284435695E-5	1.8783769015049034E-5	6.402467459538354E-5	0.05449037492689558
98	98	0.6190049169927081	0.043851259435796576	0.006234794731367865	5.79631547769191E-5	0.012451635614305295	3.857319787753869E-5	3.943243496024875E-5	1.7863266747709016E-5	0.31824954898179036	5.4012189669402875E-5
99	99	0.7080388651583677	3.7977524651688914E-5	3.8311279826365475E-5	0.0012534065221741538	0.0012028468173176056	6.462092084997855E-5	0.0023786643585350705	2.992597995868874E-5	0.03710366661279736	0.24985171482552143
