0	0	4.082615066905053E-5	4.67353566499161E-5	0.3056381975894708	0.6693825439208598	0.010690874164220526	5.149861093430768E-5	6.369334643330475E-5	0.014085630860762357
1	1	0.012934530476020672	0.22082557629467264	0.1140224210111685	0.6457258179741262	2.0579537906395892E-4	1.5187821618891495E-4	0.00588301020971655	2.509704390424847E-4
2	2	0.04294941527431738	0.12399420894218968	1.8820228630005002E-4	0.7640948548456019	3.2528503471617197E-4	2.4006229416010042E-4	2.969084134525063E-4	0.0679110629092621
3	3	1.350127939610197E-4	0.11829939451961485	0.09592662930273438	0.6921458230895043	2.3076616717403517E-4	1.7030680662782408E-4	0.0912140927541029	0.0018779745662806052
4	4	1.8055999014483725E-4	2.0669437107920604E-4	1.7855809596981098E-4	0.7783186745246242	3.0861621071804214E-4	2.2776060271144968E-4	2.816937138530545E-4	0.22029744249089925
5	5	0.002715827495644277	0.015266828387313913	0.293185622688595	0.619821018576464	3.6193917997516013E-4	2.671132718019956E-4	0.002834435189457966	0.06554721521074765
6	6	1.1063682773153308E-4	0.19768017204521135	1.0941018155813952E-4	0.7516524453406733	1.891023504874002E-4	1.395586616171363E-4	1.726057852994809E-4	0.04994606880742163
7	7	2.1122836691595236E-4	2.418017104385011E-4	2.0888644810553283E-4	0.6182728200335414	3.6103512268399074E-4	0.010257708043069818	3.295398005944764E-4	0.37011698047465025
8	8	7.145362386688492E-4	8.179587202374588E-4	0.03450472013593848	0.7479978535135005	0.0012212975101616554	9.013248408345832E-4	0.17010528649897486	0.043737022541683705
9	9	1.7003170717056555E-4	1.9464221696596424E-4	0.0021788037209319096	0.7449995887084547	0.08674887980313868	0.050480909580782	2.652684186969156E-4	0.11496187584385914
10	10	0.016703348608454936	1.2357859743767933E-4	0.25669709849035527	0.7232087083307465	1.8451570919873859E-4	1.361736930119673E-4	1.6841926503954785E-4	0.0027781573057553727
11	11	0.0038924724011347236	9.225262198358108E-5	0.03057476813988344	0.7133230475619303	1.377427671432169E-4	0.0010546260270244065	0.25075711118563104	1.6797929526938556E-4
12	12	0.0029399112888670144	0.2361513269977585	6.0191934178891687E-5	0.7158207365974059	0.013059734847406891	7.677809920906714E-5	9.495895098319891E-5	0.03179636128419065
13	13	0.372301364804128	0.005679842042026925	9.3194037405709E-5	0.6201878016738421	1.6107469409019727E-4	1.1887408416488918E-4	1.4702315435875357E-4	0.0013108255099834008
14	14	0.09063083459296256	4.6155997280607984E-5	3.987301129189895E-5	0.758350083560632	0.11926696116568467	5.086020342252509E-5	0.022948928493522952	0.008666302975202758
15	15	0.06072991020117039	0.2990072861952175	3.7596448328212625E-5	0.6377258645756619	6.498094279338284E-5	4.795632303612454E-5	5.93122540859153E-5	0.0023270930597065224
16	16	0.2808793477095739	2.705304891602545E-5	2.337045212891928E-5	0.7063382672878961	4.0393017967742526E-5	2.9810287982806904E-5	0.012612498326339629	4.9259869194947805E-5
17	17	3.355297713767194E-5	0.31666112250490236	3.3180970529603255E-5	0.6806695634752744	5.734932004721032E-5	4.232413996871367E-5	5.234638489488027E-5	0.0024505602272452236
18	18	0.2512421263683634	4.815344653535801E-5	4.159855772967692E-5	0.7389387640931535	7.189810794151359E-5	5.306123213836306E-5	0.003050181177540293	0.006554217016597837
19	19	7.428756795576178E-5	8.504000318843061E-5	0.02730586584227253	0.6891777887101269	0.03965787957650947	0.07476319636725787	1.1589688775339162E-4	0.16882004504493572
20	20	8.144195523790533E-5	9.322992155602427E-5	8.053899674935683E-5	0.6968031368021969	0.05888626238307217	1.0273188869862487E-4	0.24378289922954982	1.6975882293934487E-4
21	21	1.0346272470097975E-4	0.017246966733162176	1.0231561882361957E-4	0.8215887425290944	0.02831656603913044	0.019705970576965617	0.0013848797233844512	0.11155109605473836
22	22	5.6476608607430355E-5	6.465107296159801E-5	0.15232487663509606	0.7409927837515214	9.653078142422284E-5	0.05216327556771405	0.0475052188386164	0.006796186744058767
23	23	0.002460099918692785	1.1424475445397875E-4	0.34706282852415876	0.6473423361468582	1.7057931006978983E-4	0.0024861887878022564	1.5569862402319264E-4	2.0802393394107405E-4
24	24	8.842500698535943E-5	1.0122370516221398E-4	0.004270014526810096	0.7513206948697637	1.5113752812374263E-4	0.23433545481867582	1.3795286871253964E-4	0.009595096675766539
25	25	6.548592671109232E-5	7.496440615238495E-5	6.475987496992875E-5	0.8042169479212409	0.0032094636656166053	0.17741642649929917	0.01481545186627629	1.3649983973362616E-4
26	26	4.1644376225524103E-4	3.717061045581194E-5	0.1916346346828768	0.7147754872465731	8.234455781429103E-4	0.06301253001706725	5.065801865243066E-5	0.02924963008397644
27	27	0.005536046974169474	0.1397588451215331	0.189053076583924	0.6645841966101291	9.89765234286707E-5	7.304526414198522E-5	9.034219039893145E-5	8.054707322748042E-4
28	28	5.8347017781910285E-5	0.3119307684728555	7.476646653966757E-4	0.6861872806846817	9.972771664479538E-5	7.359964921222906E-5	7.809924016562691E-4	1.2161939177103758E-4
29	29	1.0686201885759767E-4	0.0013859929397859712	0.011478649953807924	0.6843059770450256	0.006500968565797148	1.347970710590154E-4	0.2857546985313012	0.01033205387436555
30	30	0.058969584505821564	5.879994113395085E-5	0.0049100303723622184	0.750463477626425	6.95198754353301E-4	0.17985647206388847	8.013558233773274E-5	0.004966301153677851
31	31	0.010401634197460154	6.260244042054657E-5	0.2645479182991238	0.6825916090391728	0.007853682354432337	0.03434324543967432	8.531782382970967E-5	1.1399040588633577E-4
32	32	0.33420509128681897	0.002789035669696353	7.531649153003776E-5	0.659724889159432	1.3017550447282794E-4	9.9668736112535E-4	1.1881949176398872E-4	0.0019599850351606296
33	33	0.31731065369756767	1.1902046291698507E-4	1.028188001876378E-4	0.6719438529464357	0.003866159732348944	0.006278567315453324	1.6220720500776233E-4	2.167198400820466E-4
34	34	1.3742628409100382E-4	1.573174618427754E-4	1.3590261942201151E-4	0.6833924348360999	0.0051101669516787195	1.733512129007884E-4	0.31060694724320237	2.8645339076239064E-4
35	35	7.344877998627592E-5	0.007032445816325777	7.263444296344286E-5	0.7534855143210613	1.2553990583985295E-4	0.021806292973266115	0.19293174500345836	0.02447237875709903
36	36	1.2126659656875906E-4	0.004440820308118808	0.011591926092436425	0.6116376602158156	2.0727093244579485E-4	1.529671833782857E-4	0.005925191407612275	0.36592289726362404
37	37	9.727412085206316E-5	0.044972465704532144	9.619562890177924E-5	0.7448387248131307	0.049628514341073446	0.15541116759589224	0.004752898171170145	2.0275962444747585E-4
38	38	1.5766806641264212E-4	0.25933970388660926	1.5591997823715022E-4	0.6703188822832239	0.003998398510681798	0.0020633392302126705	2.4597976078853445E-4	0.06372010828383398
39	39	5.9496429747241185E-5	0.0014752211125691615	5.883678440692896E-5	0.7215151379868684	0.20413309578645467	0.004296388913915937	0.059895128978373506	0.008566694007664152
40	40	0.283783112893915	5.428282855508282E-5	4.6893577507909095E-5	0.6743070811692571	8.104991330076981E-5	0.04155475864769661	7.397942911696564E-5	9.884154065056885E-5
41	41	0.29957466192522114	0.019321908856824412	8.461341425629748E-5	0.6804528094980272	1.4624411815025994E-4	1.0792903073824305E-4	1.3348634109356346E-4	1.7834681568892213E-4
42	42	9.485856512650783E-4	0.02282486484908941	7.31426649704487E-5	0.7272712138665717	1.2641830650353484E-4	9.329746359082813E-5	0.24850830824615758	1.5416895185163055E-4
43	43	9.562419480640429E-5	1.0946490853045915E-4	9.456399581979068E-5	0.7265511870296448	1.6344250257459479E-4	1.2062154093735397E-4	0.2195193862312295	0.05334570959645713
44	44	9.530090338768605E-5	0.28410081080426025	0.002348146796561166	0.6993018961303212	0.008051548704613214	1.2021373714693706E-4	0.0012756312875314905	0.0047064516361780264
45	45	0.19262841953906304	0.001227744428832678	9.361131643618746E-5	0.7729619413287603	0.0024005605468474414	1.1940634635644331E-4	1.476814548360859E-4	0.030420635038867876
46	46	7.622955182648485E-5	0.2515859276485838	0.0027796710998786015	0.6810524490658562	1.3029284843532114E-4	9.615689862685958E-5	0.0010203555043837283	0.06325891738240914
47	47	0.001167015055895702	1.0416451384419987E-4	8.998511745882996E-5	0.697827015952928	1.555284615930117E-4	0.2185470592155352	0.03887871946441821	0.043230512218326876
48	48	8.973869120594587E-5	0.11258749378500653	8.874374563103993E-5	0.7073014685800695	0.03517222522331804	0.14443327494941557	1.4000236254907734E-4	1.8705266280429888E-4
49	49	6.458567327489457E-5	7.393384939583261E-5	0.03977823694294009	0.7534467842111333	0.20479213030144292	8.146916634086535E-5	0.0016282365173921375	1.3462333808003006E-4
50	50	0.004550308487686748	4.061478633600309E-4	3.508609779024111E-4	0.6944641774430547	6.064210356912413E-4	4.475423383126389E-4	5.535191858685303E-4	0.29862102266812374
51	51	1.4252172376795155E-4	1.631504190696445E-4	1.4094156523783143E-4	0.528398934757005	0.012041025421500519	0.001865125072557932	2.223497777150347E-4	0.4570259512631461
52	52	0.01769468698135059	3.3688996429205375E-4	2.9103081163383654E-4	0.610842255833543	5.030117833683461E-4	3.712256938298218E-4	0.021339602913600753	0.34862129601838154
53	53	2.2772392500642304E-4	0.021803713608148978	0.029846863663779154	0.6046196879932214	0.04347528713325231	0.019137403938686227	0.22386419810401414	0.05702512163389136
54	54	2.5912451352348806E-4	2.966303792494642E-4	2.562515633543333E-4	0.5470369577612593	0.0188280790840455	0.05241820350991076	0.04636721075822689	0.3345375424304302
55	55	2.5217022151245206E-4	2.886695180843234E-4	2.4937437456343573E-4	0.6158506726733703	0.012358856385514316	3.1809063343149545E-4	0.006357335031839677	0.36432483116168385
56	56	0.06435074968039906	2.3881908044304532E-4	0.0026733147063868093	0.7413976682384348	3.5658174564055496E-4	0.1729535008932523	3.2547491911714055E-4	0.017703890736326222
57	57	3.7693472426182715E-4	4.3149252338082274E-4	3.727555956062507E-4	0.7288858598347806	6.442632512131942E-4	4.754701188889192E-4	0.20116766675215259	0.06764555719971584
58	58	2.3532845656857866E-4	2.6939006414690707E-4	2.3271933665200873E-4	0.6220273386685747	0.003185031029256442	0.00864525709151142	3.671386271838784E-4	0.36503779672610603
59	59	5.875238843394917E-5	6.725625077302636E-5	0.4148287070442442	0.5075384752325138	1.0042058306812753E-4	7.41109887617929E-5	0.02510295310305097	0.05222932440915422
60	60	1.2923551997723686E-4	1.4794116072648072E-4	1.278026674696498E-4	0.6457179311572735	0.13164906112157904	1.6301928183609115E-4	0.22179562865093116	2.693804402068059E-4
61	61	1.2521694203191983E-4	0.0016240550146174883	1.2382864406697627E-4	0.6907907545087294	0.2904339833267854	1.5795019795912505E-4	0.016483207309248033	2.6100405656161657E-4
62	62	1.0308436395298313E-4	1.1800486784625057E-4	0.3085069556575826	0.6162315147765716	0.05137386389301273	1.3003189048262803E-4	0.003817799552858165	0.019718744997693004
63	63	1.2503180567634988E-4	1.43128997838559E-4	0.003080695182634698	0.809529912941636	0.18502930788513117	1.5771666467251719E-4	0.0016735883668225315	2.606181555881807E-4
64	64	6.906950796658955E-5	7.906667749844601E-5	0.169137629714395	0.7453142855381568	0.07852701755740753	8.712513082679471E-5	0.006641836363940904	1.439695098080201E-4
65	65	1.4546360248924597E-4	1.6651810740193494E-4	1.4385082693322177E-4	0.7680838555798909	2.486288671239732E-4	1.8348958564382543E-4	2.269394364874014E-4	0.23080125399402943
66	66	9.268948996424262E-5	0.013258954972099496	9.166182846571944E-5	0.806187927921724	1.5842645507017637E-4	0.16343146811888648	0.011105313887298464	0.0056735573264913835
67	67	7.045049553715384E-5	8.064755018866392E-5	0.04255728331107761	0.7518853223113827	0.20256139911186394	9.219575944395337E-4	0.0017760915646683401	1.4684806084216503E-4
68	68	5.304058036401099E-5	6.071771155515212E-5	5.2452511939851505E-5	0.7354254359370974	0.005735592148532454	0.012611204454836853	8.274921844908435E-5	0.2459788074372252
69	69	1.4958037679309189E-4	1.712307465360305E-4	0.33622302268143556	0.6500849544688172	0.012637379565067077	1.886825356208321E-4	2.3336206334850695E-4	3.1178756238161345E-4
70	70	0.23953667182002839	2.2494553701702546E-4	1.943248216047209E-4	0.7192414104424814	0.018925394739001296	0.011866326695916769	3.065673409785972E-4	0.009704358602971716
71	71	0.010521984853363905	0.0014274816425895993	0.074293799073177	0.453602518365966	0.45440830224919376	0.0040433036233106495	0.0014731977057346572	2.294124866643622E-4
72	72	0.003916175082400759	7.456023862201839E-5	0.015468579606295012	0.6019374750043031	0.35286679358452594	8.523678410563325E-4	0.023978076292290432	9.05972350506523E-4
73	73	1.0513490187591997E-4	1.2035220208134613E-4	1.0396925633346875E-4	0.7341649077740301	0.01385534002363394	1.3261846435669696E-4	0.22892020991037887	0.02259746746730969
74	74	1.625161300276744E-4	1.8603882986120723E-4	1.6071429068447747E-4	0.606371714114845	0.30776322406156775	2.0499985459538313E-4	2.5354328050084077E-4	0.08489724943791754
75	75	9.716235645819295E-5	1.1122570478980531E-4	9.608510365556787E-5	0.6003625212835312	0.39885633298548195	1.2256179705166814E-4	1.5158410794920658E-4	2.025266610824079E-4
76	76	7.951242805626979E-4	2.495399415499815E-5	2.155713123629674E-5	0.6974172315477841	0.014472667548662792	0.015751781707343863	0.27147124601014466	4.543778011056418E-5
77	77	0.23582398161388549	1.4441008116646361E-4	1.2475225618044754E-4	0.6989267359831113	0.06436123143655745	1.5912831564957904E-4	1.9680948188963344E-4	2.629508315596135E-4
78	78	0.0020441697364998084	0.00486333090036691	0.04506146519632159	0.6072830609272786	0.29314113056405733	0.0036611945535632673	0.019752722625461863	0.02419292549645063
79	79	0.3145243428316497	5.350279501955846E-5	4.621972605192312E-5	0.6662754756196756	0.0172131115203991	0.0017170099406720461	7.291635931780026E-5	9.742120721433124E-5
80	80	9.444938456873416E-5	1.0812005542641404E-4	9.340221086955918E-5	0.7969236102476088	0.1040314495590572	0.006820430915119049	0.09173166592522942	1.9687170212081732E-4
81	81	1.753193126917604E-4	2.0069515425756254E-4	1.7337552264964912E-4	0.693532780205812	0.008592395224816626	2.211499474141625E-4	0.2967388464491251	3.6543818323305844E-4
82	82	0.05602790324941963	1.591276410921318E-4	1.3746638798736488E-4	0.5794781240779587	0.36351541595193665	1.753458851054378E-4	2.1686732909983957E-4	2.8974947740014796E-4
83	83	1.261509091712996E-4	0.001636168503348199	1.2475225618044754E-4	0.6094212306522071	0.3880728090499941	1.5912831564957904E-4	1.9680948188963344E-4	2.629508315596135E-4
84	84	7.344877998627592E-5	8.407980845380192E-5	7.263444296344286E-5	0.6779220339854535	0.3067221900031908	9.264919866619294E-5	0.014879866051739004	1.5309772954711544E-4
85	85	1.0659262441080504E-4	1.220209164090018E-4	1.054108168922203E-4	0.7216556896728721	0.009005535902475338	0.0013949352497450544	0.2673876315653183	2.2218325187718495E-4
86	86	0.0031866190448266362	2.844287414580712E-4	2.457108737343459E-4	0.7889688645740287	4.246817170190584E-4	0.04438571859724517	0.16198607096003703	5.179054916508337E-4
87	87	1.4905308174613426E-4	0.003695789041788518	1.4740050912537842E-4	0.5684771567426165	0.27345481219647394	1.8801739913292307E-4	0.007282863247007696	0.1466049077821088
88	88	1.0384387315078849E-4	1.1887430894360178E-4	1.02692541426601E-4	0.6698907502160899	0.014913173612306796	0.30221246880244534	0.012441742931773556	2.1645371386338897E-4
89	89	1.531008719644709E-4	1.7526080067344971E-4	1.5140342092046462E-4	0.5332226102531469	0.46554652115839035	1.9312333173204612E-4	2.3885442828844742E-4	3.1912573488387176E-4
90	90	0.0048438853929946585	0.021138164129524982	1.943248216047209E-4	0.7517730838086049	3.3586710121644663E-4	0.0025715628770243454	3.065673409785972E-4	0.21883654452805126
91	91	1.1049227053186923E-4	0.40778320491765196	1.0926722708461524E-4	0.5795067835471207	1.8885527085942455E-4	1.3937631537921664E-4	1.723802599524489E-4	0.011989640191419728
92	92	0.0010841859627672029	0.1290516595383603	8.359840836152894E-5	0.7932479170277621	1.4448980243918235E-4	0.07608005679281507	1.3188506516974069E-4	1.762074023248765E-4
93	93	7.501242126043854E-5	0.06838764989999162	7.418074792541325E-5	0.7393671392813659	1.2821250813988244E-4	9.462159509101607E-5	1.1702773971693717E-4	0.1917561558065089
94	94	1.1871307738480031E-4	1.3589569233607988E-4	1.173968886880384E-4	0.6914094702949475	2.029064139612899E-4	0.08858943915040222	1.8520563511675416E-4	0.2192409728471633
95	95	0.0029735053308955085	0.08588887082009691	8.061663593593145E-5	0.5682995274952193	1.3933616713514648E-4	1.0283092172108302E-4	0.0030191658793055276	0.33949614674969075
96	96	7.609236810631803E-5	0.07837028734721425	0.0018748620848298347	0.6897246914769186	1.3005837168409776E-4	0.229546687710108	1.1871257719137245E-4	1.5860806394765685E-4
97	97	3.104052177359016E-5	0.0037061339088773505	3.069637111386493E-5	0.6484209182817204	0.0018883552685351921	0.34580972764823703	4.842667443283105E-5	6.470132530972496E-5
98	98	0.03245230563197904	0.04988819841073517	2.9155318694445506E-5	0.6514287061347558	5.039146463164536E-5	3.718920120661463E-5	4.599550615165779E-5	0.2660680583318456
99	99	4.96755947488399E-5	0.21799092021013344	0.0029862414723291846	0.7293009914094142	0.008308832958903455	6.26614090473188E-5	0.005951732741618503	0.03534894420380505
