0	0	0.31351034114761533	6.061841361369693E-5	0.6730274314771701	0.0015535343097570732	0.011848074651843604
1	1	0.2847464722653223	0.020297412896016116	0.6929959612235218	2.472836725302648E-4	0.0017128699426095882
2	2	0.0618408076086901	0.08915249128572618	0.7889303815190503	0.05963906508771494	4.372544988185194E-4
3	3	0.22624077788460614	1.984049700965955E-4	0.7729774067492723	2.7582367375764225E-4	3.0758672226736586E-4
4	4	0.013233596069729868	0.1231537673936552	0.8348011390084756	0.026241899135128376	0.0025695983930109664
5	5	0.36090266366621954	3.1427187315025693E-4	0.6327807563288458	0.005515093243387042	4.872148883974536E-4
6	6	1.8417365057148366E-4	0.22258209306425	0.7754171632532517	0.0015610096520721239	2.5556037985465343E-4
7	7	3.493451138013874E-4	0.26304440214243746	0.7053716062665287	0.030749893258156715	4.8475321907569924E-4
8	8	0.0011937489690552678	0.001068474104318557	0.7528854159707978	0.12234065339966023	0.12251170755616816
9	9	0.11593653729579105	0.01851260788330004	0.8303184908662604	3.49139200198391E-4	0.03488322475445017
10	10	0.2813251306802428	1.6036095124711286E-4	0.7180429665214059	2.2293467083367083E-4	2.4860717627064465E-4
11	11	0.10490296715368379	0.0010901517378203926	0.7694833622154444	0.010837820338192196	0.11368569855485913
12	12	0.014755040589883122	0.13930103635782135	0.7409031529007101	0.10490017852422406	1.405916273612706E-4
13	13	1.557543856150129E-4	0.37858552719362487	0.6208487854101372	1.9380736057315336E-4	2.1612565004976871E-4
14	14	0.0180823560231477	0.09987324620487437	0.7494324047747372	0.003978920432348119	0.12863307256489256
15	15	6.32351114666717E-5	0.24835996762852494	0.6389193386840339	0.11256971318429415	8.774539168023716E-5
16	16	3.922046844169116E-5	0.27145970528487023	0.7283978491295084	4.88025774626673E-5	5.442253971691633E-5
17	17	5.531757212382355E-5	4.951241413415043E-5	0.6793292066895166	0.3192891280547404	0.0012768352694848878
18	18	6.960050354137988E-5	0.23661871311927327	0.759605322778424	0.003609785553704853	9.657804505648564E-5
19	19	1.2282829567262778E-4	0.010768636595482134	0.7089944333202004	0.020582008505178696	0.25953209328346605
20	20	0.2421236779874759	1.2077303608564773E-4	0.7388609552278563	1.6789933481902862E-4	0.01872669441376297
21	21	1.705453087509065E-4	0.05318400320103119	0.8808323613050311	2.122119131132882E-4	0.06560087827207352
22	22	0.15825265067318908	0.002102360248359133	0.7996918896331316	0.030401683972716007	0.009551415472604005
23	23	0.30811238748229236	1.5245985037877212E-4	0.6875915394035333	0.003907255144175119	2.363581196204329E-4
24	24	0.018471143392326098	1.3339910437688927E-4	0.8549040127033097	0.12628463650658253	2.0680829340471077E-4
25	25	0.020813370507750218	0.023986931379794012	0.8705043020746419	0.0057109696431799735	0.07898442639463372
26	26	0.20154727998672362	0.0016071818480154442	0.7542224944571493	0.04254825917517434	7.4784532937187E-5
27	27	0.2894008889284418	8.566559292026397E-5	0.7068009572819428	0.0028875633911857623	8.249248055093364E-4
28	28	9.657855350081698E-5	8.644336968921792E-5	0.6985517263149522	0.30113123882492615	1.340129369315076E-4
29	29	0.3034223097611133	1.5770475435490948E-4	0.6781182474466461	0.009138245384161066	0.009163492653724677
30	30	8.500224252909643E-5	0.05785677278310345	0.7684924332753996	0.1629981427011669	0.010567648997800773
31	31	0.2832893155684333	8.170703139857433E-5	0.7163887176348857	1.1358956159824805E-4	1.2667020368415394E-4
32	32	1.2550370796349675E-4	0.3313760838066638	0.644571226907344	0.02375303593620529	1.741496418233284E-4
33	33	1.7310719975159776E-4	0.338144580959127	0.661226707619934	2.153997099188777E-4	2.4020451126868984E-4
34	34	0.22360234159083492	0.037979983521810076	0.7279651022116276	0.0052100135409399095	0.005242559134787521
35	35	0.11085756203834231	1.0877895919760673E-4	0.7858874813949294	0.10297753786279559	1.6863974473501112E-4
36	36	0.33361059637097323	0.005977859895041177	0.65988395066858	2.4943446078567165E-4	2.7815860462001695E-4
37	37	1.6101365584475367E-4	1.4411649867051283E-4	0.7966724890227875	0.20279895738008322	2.2342344261401582E-4
38	38	2.605019655847813E-4	2.3316426783740019E-4	0.7482749066414529	0.25086995315167027	3.61473973454694E-4
39	39	0.002235498905481675	8.816750672445553E-5	0.7402654575140933	8.349023050001037E-4	0.2565759737687002
40	40	7.8001994318859E-5	0.27984673092266166	0.6786931278178507	0.03958170418436749	0.0018004350808011379
41	41	0.009383754267014132	0.32153478450849965	0.6687077294386937	1.7669221333672854E-4	1.9703957245586015E-4
42	42	0.0010119519860889022	1.1003613812580004E-4	0.743407290430469	0.23040772685940403	0.02506299458591215
43	43	1.5806887120726744E-4	1.4148074675825005E-4	0.758097756271725	0.23338190337469802	0.008220790735611364
44	44	1.606395713252985E-4	1.4378167147298184E-4	0.7169907118489485	0.2801586532759389	0.0025462136323144034
45	45	0.0012952116127183991	0.23909189541816542	0.7569230375653067	0.002471516462922349	2.1833894088718223E-4
46	46	1.2653728312836686E-4	0.05227088880088341	0.7258283692771099	0.21976852849918635	0.00200567613969183
47	47	0.004494027632307829	1.344131705150773E-4	0.7593221838834843	0.23584099491612434	2.083803975685113E-4
48	48	0.00442199572661321	1.322587474418741E-4	0.7770711030894689	0.21175825688253677	0.006616385553939235
49	49	1.0687954089862194E-4	9.566334689445631E-5	0.7367327208905551	1.3299170767513673E-4	0.26293174451397666
50	50	0.08149463171885239	0.10698203244295337	0.7716497480185264	0.0347983030309326	0.0050752847887353385
51	51	0.0019940491867260443	0.4311599031175808	0.5627048680400231	3.0143264954670816E-4	0.0038397470061233576
52	52	0.011095578604885638	0.0711486997463664	0.6583734483099174	0.07839056560323743	0.18099170773559323
53	53	0.0030861129152463984	3.355731810224788E-4	0.6783817510262464	0.027578465153596847	0.2906180977238879
54	54	4.2966904441694195E-4	3.845785498354199E-4	0.5817003071936153	0.15899795763330773	0.2584874875788246
55	55	4.2180543416482636E-4	0.0034277987907375294	0.6534112717966748	5.248584015666931E-4	0.34221426557685614
56	56	3.458502739287754E-4	3.0955592108852114E-4	0.7208240304898068	0.270537678116874	0.007982885198301926
57	57	6.261749606401393E-4	0.005088606260187851	0.8024551457272644	0.01436358904324139	0.1774664840086663
58	58	0.314090985635738	3.4979877093278204E-4	0.6817045035869648	4.8629216308247855E-4	0.0033684198432819413
59	59	0.437514224388973	8.662486651036436E-5	0.5355494495327016	8.202942717418226E-4	0.026029406940073174
60	60	0.0786935280419755	1.9046683015049566E-4	0.6204825588209751	2.647880282207912E-4	0.3003686582786781
61	61	0.0017095448416621943	0.001687749891960336	0.6686506297259269	2.584252357321314E-4	0.3276936503047184
62	62	0.2880492861852159	0.007533789222221601	0.6240027340153051	0.010053712345841867	0.07036047823141557
63	63	2.0644470372126685E-4	1.8477990399812285E-4	0.8109611032850862	2.5688203240338705E-4	0.188390790074791
64	64	0.03893020063672647	1.0222082012488414E-4	0.7764974907661955	1.4210794279819543E-4	0.18432797983415494
65	65	2.4098160457377117E-4	2.1569242008056386E-4	0.8873799403058044	0.029924784985814284	0.08223860068372711
66	66	1.5663650581695533E-4	1.40198697209188E-4	0.8826221172077792	0.11686369790425623	2.1734968493850745E-4
67	67	0.002642007640223065	1.0420010755283254E-4	0.7469139386405851	0.007721630858694932	0.24261822275294395
68	68	8.792060550507567E-5	7.869400741139546E-5	0.7109523478213072	0.04207168295817039	0.24680935460760578
69	69	0.3127252995395486	2.222773712452125E-4	0.6648486805916947	0.0021048558192982942	0.020098886678213298
70	70	3.2703810741520253E-4	0.2533428870520139	0.7170898786387586	0.0145966671999965	0.014643529001815793
71	71	0.09111036474907004	0.001480907181877993	0.4522884444091452	2.267538510280768E-4	0.4548935298088787
72	72	0.01645206236691105	9.633344544084765E-5	0.6734023927434235	1.3392328233657454E-4	0.30991528816188796
73	73	1.739783535455227E-4	1.5572065006471498E-4	0.7652033536480276	2.1648369876957498E-4	0.23425046364959257
74	74	2.696452183564857E-4	2.4134800585020572E-4	0.6321940053242356	3.355233167559997E-4	0.3669594781348017
75	75	1.6291052046092614E-4	1.4581430178851881E-4	0.5928259921190543	2.0271183925550727E-4	0.40666257121944077
76	76	2.9636351049352615E-4	3.2225537006108225E-5	0.7277611858461375	3.051597592563322E-4	0.2716050653471065
77	77	2.1378534507755009E-4	1.9135020093792723E-4	0.7315785496028031	2.6601609511730563E-4	0.2677502987560641
78	78	0.04614421680926833	5.048172487939627E-5	0.6391992814836919	7.017996982171654E-5	0.3145358400123387
79	79	6.505077336682544E-4	0.27609580441592707	0.6790416977286535	6.698151977954892E-4	0.04354217492395553
80	80	0.1781934335887491	1.403576812990199E-4	0.8212534865567526	1.951260156293045E-4	2.175961575700159E-4
81	81	0.31848005518481004	2.574097296502912E-4	0.6805056210211247	3.578524129639387E-4	3.99061651451142E-4
82	82	2.293890521152259E-4	0.02011106095451152	0.6074819184454581	2.8543200603491894E-4	0.37189219954188024
83	83	2.1817005552232066E-4	1.952747694080304E-4	0.6566552251822211	2.714720516531235E-4	0.34265985794119547
84	84	1.2121332535750325E-4	0.0027381317992604282	0.6523389366389118	1.508274361654201E-4	0.34465089080030475
85	85	1.750797039555504E-4	1.5670642213522532E-4	0.7649830773898246	0.0014839316422761968	0.23320120484180845
86	86	4.129874053971356E-4	3.6964752181169815E-4	0.8876302254255721	0.11101407603105586	5.730636161632417E-4
87	87	2.461285749468799E-4	0.29211780137731397	0.6179951385515687	3.062612284317501E-4	0.0893346702677387
88	88	0.006336981974314876	1.5264787718105254E-4	0.7390043179970598	0.22343721920652898	0.03106883294491529
89	89	2.524183555858699E-4	0.0057019698462048105	0.5644247317843111	3.140876904566452E-4	0.42930679232344154
90	90	3.2859231941509415E-4	0.23078493041930723	0.7680216487157859	4.0887201910230883E-4	4.559565263894773E-4
91	91	0.06295810659124804	0.18711257042543972	0.6839341728086179	0.06573331273541774	2.6183743927661303E-4
92	92	1.4012908899111256E-4	0.057885485189317396	0.8301387917269013	0.11164115009306949	1.9444390172065193E-4
93	93	0.010008873330446325	1.1122268103216484E-4	0.7604096174311245	0.22929785831689561	1.7242824050131664E-4
94	94	1.9481141185631614E-4	1.7436743753499655E-4	0.7539927947422478	0.2453677050118987	2.7032139646218244E-4
95	95	1.3506504484403305E-4	0.06263059384960835	0.6565619120446265	0.277554869733744	0.003117559327177125
96	96	1.2471141590931988E-4	0.001013466413706955	0.7243734683209524	0.27431530359646017	1.7305025297105237E-4
97	97	0.010183828827547628	4.6446734729924046E-5	0.6931801944821274	0.29389072538100786	0.002698804574587057
98	98	4.9040046991710305E-5	0.2872941268319527	0.704016645643547	0.00786287940111436	7.773080763940447E-4
99	99	6.736048551091564E-4	0.011908678113927516	0.7712056924278756	0.21432315747039068	0.0018888671326969093
