0	0	3.9345117763904135E-5	0.01728674364782181	0.287928414893114	0.017744183660590055	5.689657786732618E-5	0.6769444161028428
1	1	0.27240180181067203	0.026291883059179427	0.030428805432205476	2.630152139585151E-4	0.0016078127939723884	0.6690066816900122
2	2	0.1072143323191159	0.014232447743681717	0.002553546004711155	4.1574907305880156E-4	0.14828667111826724	0.7272972537411653
3	3	1.2896095489337884E-4	0.22704496356853168	0.0034098099241323576	2.9345470827925855E-4	0.00983089140655001	0.7592919194376133
4	4	0.03696039076507074	0.17581871083516928	2.6252690185830864E-4	0.0025589853229865452	2.510569926573767E-4	0.7841483291822579
5	5	2.0408271962887595E-4	0.1888718700314869	0.21652617638748767	0.010639341180075474	2.9512196197803024E-4	0.5834634077193431
6	6	1.0681282009343813E-4	0.30920359512615203	1.6151771761917352E-4	0.013556462890806129	1.5446094156186277E-4	0.6768171505037675
7	7	0.005264770612046334	0.38279210807324304	3.070429717267996E-4	4.620460000684502E-4	2.936281369743921E-4	0.610880404205941
8	8	6.969053933578754E-4	0.23670246909892087	0.04448581285921804	0.0015858301380845103	0.027066977493663436	0.6894620050167553
9	9	1.6269691697728915E-4	0.12420804984982795	0.028636532633071636	0.061207027820855	2.3527437028196335E-4	0.7855504184089862
10	10	0.014350351139867747	3.235089467117472E-4	0.27213468040154787	2.3644535525205757E-4	1.502599506296443E-4	0.712804754205991
11	11	7.803497491794223E-5	0.06346499201804723	0.16644058814582077	1.7757103938208915E-4	1.1284558997728569E-4	0.7697259682318546
12	12	5.8857156413134854E-5	0.15497490720811316	8.900124124696019E-5	1.3393131029188713E-4	0.132868479755141	0.7118748233287938
13	13	0.3882987007904679	0.0014104014935288646	1.3691063339572223E-4	0.0013345386660965407	1.3092895105164547E-4	0.6086885194654593
14	14	0.12509277046099707	0.005006924777362008	5.926347619439961E-5	0.11732691157933776	5.667423034542285E-5	0.7524574554757634
15	15	0.23995001235025396	0.0010300651685915293	5.133959194792312E-4	8.358724583064845E-5	0.1163469608008592	0.6420759785149855
16	16	0.27570881465874086	3.548395990133213E-4	6.022844395480784E-4	5.183374101232087E-5	0.018771640797881642	0.7045105867638037
17	17	3.2115925123223836E-5	9.999051078591763E-5	4.856431016982447E-5	7.308079756346502E-5	0.33870076702022733	0.6610454814361303
18	18	0.2623855084835124	0.012738762658854782	6.120691101360996E-5	9.210570185448625E-5	0.0051036295233101315	0.7196187867214546
19	19	0.003623255361160822	0.06948603374730399	1.0773214618756874E-4	0.20973078613738744	0.05959921495349686	0.6574529776544633
20	20	7.841633185302609E-5	0.0061085435299834045	1.1857777871503425E-4	0.310991649147114	1.13397066393812E-4	0.6825894161459407
21	21	0.09514638351568816	0.04721481855277607	1.4975462634019362E-4	2.2535453491441188E-4	1.4321178461851523E-4	0.8571204769856627
22	22	5.413150017184902E-5	0.007590322847291274	0.17820477940321133	0.046003325046167394	7.827901629584998E-5	0.7680691621868623
23	23	9.891170907725639E-5	0.06441664017667098	0.2627486108539257	0.010087951478327981	1.4303522463128608E-4	0.6625048505573669
24	24	8.681696764538438E-5	0.14635482120838267	0.014198679379452949	0.00127966231871882	0.004453975455940531	0.8336260446698597
25	25	6.392166024418856E-5	0.02330432902497879	0.002486864435831779	0.12682631393068017	9.243646800896902E-5	0.8472261344802561
26	26	0.012540536687888069	0.019252318000021564	0.20723062015702537	0.0012441017748034578	0.028972818169449056	0.7307596052108125
27	27	7.490552912552289E-4	0.22761574022113082	0.03198155388500747	0.025783221505854253	8.045023307764969E-5	0.7137899788636746
28	28	5.6139004382718376E-5	1.7478455631289634E-4	8.489096954258299E-5	1.2774606986928E-4	0.3128605195102744	0.6866959198896181
29	29	1.0244822823795758E-4	3.1896483228558976E-4	0.006539614634337993	0.05131069907203414	0.2951211444372468	0.6466071287958576
30	30	0.04307003803380175	7.68097374751546E-4	7.456082439597433E-5	0.0031851103234738555	0.20595622742303749	0.7469459660205393
31	31	5.312781870325333E-5	0.01142277407018875	0.29144742169643817	0.01866243573834231	7.682760264969903E-5	0.6783374130736778
32	32	0.3033996840112732	2.2684900199454694E-4	1.1017810798232141E-4	0.0028902912100654365	1.0536438075839765E-4	0.6932676332879261
33	33	0.2802084093784037	3.137564094215361E-4	0.0014084761413136972	2.2931744683520768E-4	0.022755315007739318	0.6950847256162866
34	34	0.12695992148306492	4.1143020318268184E-4	0.19620638752612324	3.007050084448962E-4	1.910966687201342E-4	0.6759304591104642
35	35	7.061695703412831E-5	0.006381167803567326	0.1558998382363497	1.6069110641396948E-4	0.07227743177653786	0.7652102541200969
36	36	0.003014290082477083	0.0018109661443894021	0.31316368947020395	0.00606061180217308	0.003066149826168305	0.6728842926745883
37	37	9.338541703380282E-5	2.9074845309106734E-4	1.4121338061311186E-4	2.125014531402056E-4	0.1921914653059562	0.8070706859901656
38	38	1.5105650930355584E-4	0.27347698256158803	2.2842110706267798E-4	3.437338371758133E-4	0.06046819125546812	0.6653316147294018
39	39	5.717926571155963E-5	1.7802333150690306E-4	0.002224552394631849	0.2681038577199065	8.268635929561056E-5	0.7293537009289475
40	40	0.3107199519520008	1.4135326967247338E-4	6.865375502071788E-5	1.0331190034607546E-4	0.021003647644981104	0.6679630814779788
41	41	0.3381693643933247	2.566876617496625E-4	1.2467042246306088E-4	1.8760719290183105E-4	1.1922352001012709E-4	0.6611424468095507
42	42	9.609535274043363E-4	0.21905956035582583	1.0792381950204472E-4	1.6240648282090847E-4	1.0320858307658181E-4	0.7796059472313702
43	43	9.20990021404427E-5	0.04046478777304961	1.392681197604813E-4	0.0025054624313515777	0.23546172965274142	0.7213366530209565
44	44	9.327684480936707E-5	0.009591410760625797	1.410492024004932E-4	2.1225439362924456E-4	0.2745143967037965	0.7154476120947386
45	45	0.2611724360997765	0.003705056493896762	1.3831544931347645E-4	2.0814057310462183E-4	1.322723899794356E-4	0.7346437789939293
46	46	0.02479596255978911	0.06340844205491354	1.110860674273891E-4	1.671651131745457E-4	0.23084957113877666	0.6806677730659186
47	47	0.0011727316116589088	0.03175450322995985	1.3170842415542077E-4	1.9819815517705067E-4	0.24765002499579186	0.7190928335832569
48	48	0.0011564109359851371	0.003478974569966901	1.2987546386614924E-4	0.0023364865988758123	0.22172253755334193	0.7711757148779641
49	49	6.223575654814061E-5	1.9376633438146238E-4	9.411021395338802E-5	0.24061526821265708	0.009398655872256901	0.749635963610203
50	50	3.4122427242748676E-4	0.26900776757644385	5.159845571958322E-4	7.764665623467053E-4	4.934409779350922E-4	0.7288651160536509
51	51	1.409705489185135E-4	0.4203836140099666	0.001970260403554071	3.207829171476869E-4	2.0385608861743656E-4	0.5769805160317958
52	52	0.007347452960937525	0.3328939823732147	4.2850561933072806E-4	0.014772984322190917	4.097840311391101E-4	0.644147290693187
53	53	2.1735198604264113E-4	0.05215013082312999	0.23331363211545555	0.027585865914339723	3.1431051427271197E-4	0.6864187086467595
54	54	2.4906520756098123E-4	0.37330448840070823	0.009689851679701584	0.06886374686659097	3.6017068397329336E-4	0.5475326771614649
55	55	2.445108381383882E-4	0.2659061141616997	0.006465022557653243	0.07979508234028491	3.5358465629778684E-4	0.647235685445926
56	56	2.005123657786349E-4	0.07810054602639765	3.0320610996559185E-4	4.5627219381712513E-4	0.1652394282396212	0.7557000350644199
57	57	0.004885207701015786	0.15941291723136716	5.486532481737654E-4	0.10484035320051059	5.246823602578826E-4	0.7297881862586747
58	58	2.2655862910570877E-4	0.36498605811636897	3.4259214060701487E-4	0.017458828955371073	3.2762414792550214E-4	0.6166583380106218
59	59	5.633610471277738E-5	0.03317817628049305	0.4361431715631593	0.007150062251733886	8.146707268145487E-5	0.5233907867272195
60	60	1.2340676082010736E-4	3.842176428514306E-4	0.05248444362713114	0.29560975679214757	1.784572718396412E-4	0.6512197179052102
61	61	1.2080529112510686E-4	3.761181631509662E-4	1.8267652592430484E-4	0.34810227362287016	1.7469531275848485E-4	0.6510434310841711
62	62	9.891170907725639E-5	0.011403688267182799	0.31083012537648474	0.05816946600088702	1.4303522463128608E-4	0.619354773421737
63	63	0.0016143971515045264	3.7330763037970224E-4	0.004664795204460638	0.24238096317594343	0.007645862779974278	0.7433206740577375
64	64	6.640842623162473E-5	0.005173141267993615	0.04810879514289765	0.20294511314630306	9.603255521579863E-5	0.7436105094613582
65	65	1.3974284455185203E-4	0.1989989616513352	2.1131307352321E-4	3.179892372538796E-4	2.0208071771843532E-4	0.8001299124756175
66	66	0.002363568061205095	2.8381110372851896E-4	1.378439850219586E-4	0.04565564809250544	0.08761963923134368	0.8639394895261954
67	67	6.764015847901597E-5	0.006112175030508466	0.01359161394102662	0.19406305653750697	9.408969648351673E-4	0.7852246173676437
68	68	5.2228591425607803E-5	0.020994281243905667	7.897781253363567E-5	0.20452962403705627	0.024813137101970473	0.7495317512131083
69	69	1.4426589664660343E-4	4.4916098911474415E-4	0.3544566292407239	3.2828158453135245E-4	2.0862145772209317E-4	0.6444130408312614
70	70	0.24477490676749677	0.007716966606296658	2.8808621548558695E-4	0.007557336676108218	2.7549960927391876E-4	0.739387204125339
71	71	1.0638790445316401E-4	0.00828749738809402	0.045246386314443436	0.5081171115229478	0.0014798909205129946	0.4367627259495487
72	72	6.257554489407794E-5	0.004094607496941682	0.019593540313019506	0.33162396947974243	9.048986418138468E-5	0.6445348173012209
73	73	1.010291392946763E-4	0.2194243087469721	1.5277188616152028E-4	0.04430369771304523	1.4609721910711877E-4	0.7358720952954194
74	74	1.5666078069242204E-4	0.08640468916617919	2.3689564338571728E-4	0.3362136063998675	2.2654557449564578E-4	0.5767616024353797
75	75	9.470827760783397E-5	2.948670797221986E-4	1.4321375304461392E-4	0.432266347752714	0.003678356980598767	0.5635225061563126
76	76	2.090877097706327E-5	0.0018893815561398044	0.24735236121949894	0.020114698986237724	5.514598697953834E-4	0.7300711895973511
77	77	0.0016692812504977136	0.0050219060023475376	0.014095196950463369	0.22126035919869702	1.792845831843046E-4	0.7577739720148101
78	78	3.2812063662862136E-5	0.02668569267368858	0.045855092307820075	0.29126661517652985	4.744919424016617E-5	0.6361123385840585
79	79	0.26064769848382036	0.011049618008657133	6.96389577489606E-5	0.04028566494735973	0.0012146212739264557	0.6867327583284873
80	80	9.115721166781296E-5	2.8381110372851896E-4	0.17056865770031812	0.02065912874759534	1.3182152415831035E-4	0.808265423712532
81	81	1.6710216722402773E-4	0.0588387055869564	2.5268465560250206E-4	0.26073044977047044	2.416447582216473E-4	0.679769413061525
82	82	0.010081250744566634	0.007046310316534151	2.0115248630389926E-4	0.39491571036270606	0.0018504019122515326	0.5859051741776378
83	83	1.2752605686886694E-4	0.0417244448280428	1.9283937662551895E-4	0.3483940761990945	0.0017739296084372423	0.6077871839309311
84	84	7.036920486785859E-5	0.0010961879173498794	1.0640926202481942E-4	0.30889887150732315	1.0176019724355907E-4	0.6897264019111907
85	85	1.019276067411165E-4	3.1734391651886236E-4	0.003965481172823187	0.23272432992512224	1.4739648381727655E-4	0.7627435208949774
86	86	2.4012003874523965E-4	0.0067334235353355525	0.11110091533730174	0.003539314651102334	3.472351655916928E-4	0.8780389912719235
87	87	1.4349183074515784E-4	0.35815009342715565	0.007371048976652599	0.05040498811396929	2.0750208883113394E-4	0.5837228755626462
88	88	9.952521201660732E-5	0.06233517399264146	0.0038720162975619888	0.0014669789447192803	0.19614390121793737	0.7360824043351233
89	89	1.47177030855821E-4	0.007796024318946011	0.005725904527643013	0.46995408887523404	2.1283121953322542E-4	0.516163974027788
90	90	1.9188039244011877E-4	0.2923778987925243	0.0026817966046348593	4.3662986703672194E-4	2.774762997328749E-4	0.7040343180436313
91	91	1.095848199727648E-4	0.3950838476869646	1.6570941570707913E-4	2.493637039484564E-4	1.5846950262218883E-4	0.604233024870785
92	92	8.152390924306053E-5	0.12625438803417183	1.2327692257177572E-4	0.02660498446727386	0.07226337827256998	0.7746724483941695
93	93	7.220582222987796E-5	0.2108226419081644	0.0037091494985602986	1.643066191317473E-4	0.0397040089279735	0.7455276872239401
94	94	1.1297982001399073E-4	0.2580537572427922	1.708431876409736E-4	0.0016652968004835019	1.6337897793153452E-4	0.7398337439711378
95	95	7.833976256655168E-5	0.2629077859848994	1.184619939582957E-4	1.7826459326111984E-4	0.15243880843176336	0.5842783392335512
96	96	7.233602573738672E-5	0.01735587180091348	1.0938340330799165E-4	0.0028694438023827615	0.2958338762479476	0.6837590887197107
97	97	3.016008293952049E-5	9.390114365061677E-5	0.024480571369725538	6.863021716931812E-5	0.29777425977139355	0.6775524774151215
98	98	0.05788893717806194	0.2929406789969375	4.3065076556254244E-5	6.480541226380433E-5	4.118354550425556E-5	0.6490213297906763
99	99	4.752588428982032E-5	0.043983648674624766	0.0024413628214218835	0.0030700169427655233	0.22220899909106176	0.7282484465858362
