0	0	5.386318021750458E-4	0.24482310904295207	4.89662981569084E-4	8.790957328929349E-4	0.0014942718094010867	0.07752070282596274	7.796905626700134E-4	7.83962139724947E-4	0.002377805504151819	0.002641999138913117	9.042544395396843E-4	7.668373427431103E-4	0.11047286641518961	0.1539013144758623	0.2829769140022568	7.050706030314387E-4	6.786263616649964E-4	7.614331835457867E-4	9.854955605087142E-4	0.11551825607524471
1	1	0.05091192610134706	0.23309494910030623	4.056449278385529E-4	7.282574720879188E-4	0.07188987995509545	0.20552343562437123	6.459085818927815E-4	6.494472271067875E-4	0.0019698134808046456	0.012281818783849761	7.490993615636749E-4	6.35260761522464E-4	0.010772409771120253	0.06693554160735077	0.305074765024903	5.840921708463303E-4	0.02074847115954139	6.307838664943741E-4	8.164008523715027E-4	0.014952094169585841
2	2	5.136016193772304E-4	0.001096539925726995	4.6690837649655543E-4	8.382442146531359E-4	0.0014248331012002354	0.3992078396097079	7.434583958529867E-4	7.475314730159937E-4	0.013884791849924695	0.014136708424650934	8.622337979325278E-4	7.312024641719906E-4	0.03563430308766846	0.053809668546153225	0.08394727140892795	6.723060206061559E-4	0.03549953905330446	7.260494358808469E-4	0.23328935572951415	0.12176761346523356
3	3	4.601444204570827E-4	0.3860895200712626	4.1831115051793713E-4	7.509972394961836E-4	0.0012765321931711112	0.24316578545528508	0.042299278236496825	6.697261524242444E-4	0.00203132071156843	0.0022570170526771205	0.021589090526472135	6.55096715857683E-4	7.004768930813784E-4	0.11065879848502218	0.07520978730217585	6.023303910076066E-4	5.79739504118172E-4	6.504800302259236E-4	8.418928880956426E-4	0.10909367458058676
4	4	4.8013393310823184E-4	0.0010250863850232855	0.022157395048728483	7.836219289468889E-4	0.0990760897251481	0.297171173961679	6.9501261334819E-4	6.988202776629934E-4	0.0672823000844382	0.0023550659888861747	0.022526959984450208	0.02240446701078095	7.309068865651175E-4	0.18062875356351482	0.0024538466531758897	6.284967214811088E-4	6.049244452730155E-4	6.787380688230334E-4	0.26152940663927154	0.016088800079694723
5	5	4.8013393310823184E-4	0.0010250863850232855	4.3648334964422204E-4	7.836219289468889E-4	0.0013319870792689273	0.44921755585526885	0.25048549715281715	6.988202776629934E-4	0.002119564987185428	0.0023550659888861747	0.03338741583399234	6.835553116966927E-4	7.309068865651175E-4	0.07202419506809353	0.0024538466531758897	6.284967214811088E-4	0.0331862919938994	6.787380688230334E-4	0.13120393644476602	0.016088800079694723
6	6	4.7497548284715536E-4	0.0010140730890118633	4.3179387136812564E-4	7.752028723770002E-4	0.0013176765116897423	0.32620975486985143	6.875455552013765E-4	6.913123108329472E-4	0.07730320785801043	0.0023297636931567793	7.973882851006743E-4	6.762113482045578E-4	7.23054188474365E-4	0.26463830770294644	0.023915030222389423	6.217442950153895E-4	5.984252740054293E-4	6.714458606975696E-4	0.28020714105421013	0.015915945654609128
7	7	5.520846209163046E-4	0.001178701169105814	5.018927595152672E-4	0.03836491507349935	0.014019546981027415	0.29175207720554713	7.99164043016911E-4	0.08821922293345423	0.03990105648324873	0.01519593984359183	9.268390159088913E-4	7.859898022419629E-4	8.404372687890344E-4	0.27013672904019453	0.002821568953761013	0.06316245225840661	6.955756717496473E-4	7.804506692576538E-4	0.16335351608616308	0.0060118401206045785
8	8	5.735728766601719E-4	0.001224578614714249	5.214274459815549E-4	0.013910133666718387	0.0015912053034548592	0.3420296939712433	8.302691321410178E-4	8.34817806633278E-4	0.0025320538773377583	0.05470942954973222	0.013936924420042188	8.165821231340304E-4	8.731487957619147E-4	0.15091089022304063	0.002931390153229933	7.508085716369167E-4	7.226488908858033E-4	8.108273958338198E-4	0.3383737092950216	0.07111588788679633
9	9	5.590662142931503E-4	0.06442298433452502	5.082396328621517E-4	9.12446538442592E-4	0.0015509609351572451	0.131045156259555	8.092701720021375E-4	8.137038025518374E-4	0.002468013801196903	0.0027422303153906667	9.385597067046827E-4	7.959293314186553E-4	8.510653338485052E-4	0.349428097429933	0.002857250163440783	7.31819308207266E-4	7.043718350894671E-4	7.90320151248296E-4	0.4309826496318884	0.00608786510224418
10	10	5.520846209163046E-4	0.001178701169105814	5.018927595152672E-4	9.010519477006513E-4	0.0015315926057611813	0.11692071595181983	7.99164043016911E-4	8.035423065905895E-4	0.11482878273484613	0.002707985468325596	0.05087865651697383	7.859898022419629E-4	0.22562361602358125	0.2576487746649283	0.002821568953761013	7.226803820754347E-4	6.955756717496473E-4	7.804506692576538E-4	0.20081737921196177	0.018499794495870813
11	11	5.735728766601719E-4	0.05312062239680177	5.214274459815549E-4	9.361227211965074E-4	0.0015912053034548592	0.29013365018915577	0.0786743348052723	8.34817806633278E-4	0.0025320538773377583	0.0028133857676447076	9.629134745203074E-4	8.165821231340304E-4	8.731487957619147E-4	0.2417289668416938	0.04185342298979557	7.508085716369167E-4	7.226488908858033E-4	8.108273958338198E-4	0.2086335998398028	0.07111588788679633
12	12	5.811122331334216E-4	0.0012406751476598246	5.28281374314223E-4	9.484276316708404E-4	0.0016121209786777294	0.26765822909201076	8.411826449842262E-4	8.457911097487839E-4	0.0814326273490178	0.0028503664532073683	9.755705373500151E-4	8.273157264240585E-4	8.84625942421585E-4	0.2974845788053256	0.10812630964220178	0.02704977453355289	7.321477842524339E-4	0.0139660338169625	0.10621960661447297	0.08519522258261118
13	13	4.8540565984610837E-4	0.0778942443333338	4.412758060533354E-4	7.922258629543702E-4	0.03428571310130207	0.10279941720179948	0.04462144524757072	7.064931149458685E-4	0.0021428371757251487	0.002380923907868702	8.148984540480007E-4	6.910605442266265E-4	7.389320252006215E-4	0.5778812175970236	0.024440189956234256	6.353974271859747E-4	6.115663344473471E-4	6.861904094694557E-4	0.1216648159573716	0.005285749883392905
14	14	5.888524324684578E-4	0.014576829449904256	5.353178862116418E-4	9.610603358292179E-4	0.028272851771179417	0.2978625953333897	8.523868857110877E-4	0.014176685703122222	0.0025995059136921395	0.029527590216003083	9.885647749411962E-4	8.383352649407468E-4	8.964088317515283E-4	0.23484881817116302	0.00300948021164229	0.14728672822050343	7.418997210895953E-4	8.324272359756161E-4	0.12095404133348103	0.09964962030700034
15	15	5.662266459578683E-4	0.02682457813542006	5.147490857093642E-4	9.241330094172106E-4	0.0015708253975534963	0.20957061308796157	8.196351763911838E-4	8.241255921798519E-4	0.002499623731683214	0.0027773523676275368	9.505806310089956E-4	8.061234684311624E-4	8.619656440612009E-4	0.35390351724499547	0.002893845371702813	7.411923341805217E-4	7.133933181674367E-4	0.06483965177165396	0.3084241886051509	0.01897367938074619
16	16	5.386318021750458E-4	0.001149979388825515	4.89662981569084E-4	8.790957328929349E-4	0.0014942718094010867	0.16280629820490702	7.796905626700134E-4	7.83962139724947E-4	0.002377805504151819	0.002641999138913117	9.042544395396843E-4	7.668373427431103E-4	8.199580708326554E-4	0.4950436959916395	0.0027528149000112263	7.050706030314387E-4	6.786263616649964E-4	7.614331835457867E-4	0.2202913122492226	0.10333459959253839
17	17	5.136016193772304E-4	0.001096539925726995	4.6690837649655543E-4	8.382442146531359E-4	0.0014248331012002354	0.21332811474577515	7.434583958529867E-4	7.475314730159937E-4	0.048737240261912076	0.0025192256206551375	8.622337979325278E-4	7.312024641719906E-4	7.818546756810715E-4	0.4836565322939977	0.0026248917809573707	6.723060206061559E-4	6.470906413170712E-4	7.260494358808469E-4	0.23328935572951415	0.005592785425275604
18	18	5.077033840435737E-4	0.03553614775228199	4.615463694858074E-4	8.286177620514181E-4	0.0014084702226091336	0.21087824041402828	7.349204699312558E-4	7.389467716038181E-4	0.0022412711172649794	0.0024902946652052334	8.523318473526108E-4	7.22805286189052E-4	7.728758043148197E-4	0.363261519794474	0.0025947473482582665	6.645852133186368E-4	6.396594091310768E-4	0.035169911999990304	0.3109987131553378	0.028496691213127905
19	19	5.019390820680718E-4	0.001071640397936799	4.563061195031829E-4	8.19209900782723E-4	0.0013924789018068982	0.40149656356748636	0.10290970028496527	7.305570061044789E-4	0.07033790701937048	0.0024620206554007364	8.426547439377238E-4	7.145987859567724E-4	7.641008194207913E-4	0.12070987556287954	0.047980009134821845	6.570397251883211E-4	6.323969206159596E-4	7.095627693385543E-4	0.20528460928493705	0.03952682931747843
20	20	4.699266968215291E-4	0.001003293926243131	4.272040873846521E-4	7.66962797740681E-4	0.0013036701745233754	0.22707613811936644	6.802372403168392E-4	6.839639569487532E-4	0.0658519359974244	0.0023049993025686306	7.889123890256133E-4	6.690235110877445E-4	7.153684320208795E-4	0.006715591207221541	0.0555495392636167	6.151354193543342E-4	5.920642695538534E-4	6.643086786726495E-4	0.6280045304213393	0.00511719410876895
21	21	5.258190058952345E-4	0.0011226240570840467	4.7801503949942737E-4	8.581840925283577E-4	0.03714023356268949	0.4324917358253419	7.611435398235314E-4	7.653135060074073E-4	0.1450472710482168	0.026366823465049132	8.82744332130223E-4	7.485960680678242E-4	0.04837579584436736	0.019408168256110674	0.0026873318439283055	6.882986152597444E-4	6.624834208155859E-4	7.433204612333196E-4	0.2507326019158264	0.0295134961001252
22	22	5.590662142931503E-4	0.0011936068773319394	5.082396328621517E-4	9.12446538442592E-4	0.07742621388378895	0.23221216019106397	8.092701720021375E-4	8.137038025518374E-4	0.002468013801196903	0.0027422303153906667	9.385597067046827E-4	7.959293314186553E-4	8.510653338485052E-4	0.14709408956691516	0.002857250163440783	7.31819308207266E-4	0.11451725125803702	7.90320151248296E-4	0.34246152119181805	0.06931724255943726
23	23	0.0010506736992657959	0.049774907171859374	9.551534353545526E-4	0.0017147943399510384	0.0029147779305868284	0.12744868740271784	0.0015208911996193407	0.0015292234845826179	0.028404088044319556	0.005153574292363785	0.0017638697775218277	0.001495819267227782	0.0015994383845249014	0.18137589698821754	0.10043317105491555	0.0013753349426067875	0.16768476442718214	0.0014852777286250764	0.0019223414993109003	0.3203973149292467
24	24	4.699266968215291E-4	0.20296515922481104	4.272040873846521E-4	7.66962797740681E-4	0.0013036701745233754	0.2377057099771858	6.802372403168392E-4	6.839639569487532E-4	0.023333648566146944	0.0023049993025686306	7.889123890256133E-4	6.690235110877445E-4	7.153684320208795E-4	0.017345163065040903	0.4382141261451138	6.151354193543342E-4	5.920642695538534E-4	6.643086786726495E-4	8.597908099968421E-4	0.06889462525568513
25	25	0.011218749053863782	0.2696084123644275	4.3179387136812564E-4	7.752028723770002E-4	0.0013176765116897423	0.43364749058001767	6.875455552013765E-4	6.913123108329472E-4	0.002096792860894053	0.0023297636931567793	7.973882851006743E-4	6.762113482045578E-4	7.23054188474365E-4	0.09273793056668043	0.0024274830803561707	6.217442950153895E-4	5.984252740054293E-4	6.714458606975696E-4	0.14053808463099401	0.03740349279664238
26	26	5.590662142931503E-4	0.27940286768898154	5.082396328621517E-4	9.12446538442592E-4	0.01419683642659586	0.28279566215681845	8.092701720021375E-4	8.137038025518374E-4	0.053051515766951364	0.0027422303153906667	9.385597067046827E-4	7.959293314186553E-4	0.013496940825287122	0.2988445954641786	0.002857250163440783	7.31819308207266E-4	7.043718350894671E-4	7.90320151248296E-4	0.0010228829229753905	0.04402549157656003
27	27	6.133616825767439E-4	0.2371678565207148	5.575989183296555E-4	0.014875080984243911	0.0017015873692199672	0.18539407550354858	8.878649821219998E-4	8.927291986036305E-4	0.00270770269965016	0.003008550610391593	0.0010297108753584228	0.07024332520076641	9.337192121546042E-4	0.38336390270013865	0.08637885700776315	8.028922348521481E-4	7.727791143243792E-4	8.67074570687218E-4	0.0011222234051622073	0.006679107209391745
28	28	5.258190058952345E-4	0.3817253653901302	0.048053357706130194	8.581840925283577E-4	0.0014587265627164152	0.4562794071586573	0.024548814873138914	7.653135060074073E-4	0.0023212430483245073	0.03826065913170682	8.82744332130223E-4	7.485960680678242E-4	8.004531777365888E-4	0.03130200392276837	0.0026873318439283055	6.882986152597444E-4	6.624834208155859E-4	7.433204612333196E-4	9.620529160148916E-4	0.005725824766809817
29	29	4.699266968215291E-4	0.3092608778030047	4.272040873846521E-4	7.66962797740681E-4	0.0013036701745233754	0.39714928784447623	0.03256895281377493	6.839639569487532E-4	0.0020745048505082173	0.0023049993025686306	0.032677627962483705	6.690235110877445E-4	7.153684320208795E-4	0.1023817379275958	0.0024016799745198844	0.05376299470845115	0.011221636127373216	6.643086786726495E-4	8.597908099968421E-4	0.047635481540046404
30	30	5.258190058952345E-4	0.4887698863900494	4.7801503949942737E-4	8.581840925283577E-4	0.0014587265627164152	0.23029652949216114	7.611435398235314E-4	7.653135060074073E-4	0.0142150787149822	0.026366823465049132	8.82744332130223E-4	7.485960680678242E-4	8.004531777365888E-4	0.17402803192266067	0.0026873318439283055	6.882986152597444E-4	6.624834208155859E-4	7.433204612333196E-4	0.024749724249330276	0.0295134961001252
31	31	7.483326428451228E-4	0.35706497703674395	6.802992166844463E-4	0.0012213464382406602	0.0020760236728366802	0.5139494917091753	0.0010832407165862726	0.0010891753096305878	0.003303535866074503	0.03752461296722755	0.0012562999656029541	0.0010653834641958107	0.0011391852239147583	0.010694212842894029	0.02075155803922825	9.795696162542059E-4	9.428300681067073E-4	0.017984888977397133	0.018296183613246236	0.008148852613114878
32	32	5.077033840435737E-4	0.11592461573581432	4.615463694858074E-4	8.286177620514181E-4	0.0014084702226091336	0.09603757186612495	0.012218987324721589	7.389467716038181E-4	0.0022412711172649794	0.0024902946652052334	8.523318473526108E-4	0.023690938995769715	7.728758043148197E-4	0.12209611584387707	0.5653140232329845	6.645852133186368E-4	6.396594091310768E-4	7.177114356193084E-4	9.289080759988086E-4	0.05146482492270857
33	33	4.8013393310823184E-4	0.2616760267740344	4.3648334964422204E-4	7.836219289468889E-4	0.0013319870792689273	0.44921755585526885	6.9501261334819E-4	6.988202776629934E-4	0.002119564987185428	0.0023550659888861747	8.060482853659523E-4	6.835553116966927E-4	7.309068865651175E-4	0.07202419506809353	0.0784770375999708	0.12009351106644452	6.049244452730155E-4	6.787380688230334E-4	8.784662502604676E-4	0.005228344230152594
34	34	5.888524324684578E-4	0.1211338612067506	5.353178862116418E-4	9.610603358292179E-4	0.0016335938319678345	0.40441962709023604	8.523868857110877E-4	8.570567335164288E-4	0.0025995059136921395	0.002888332276791502	9.885647749411962E-4	8.383352649407468E-4	8.964088317515283E-4	0.15493104435352825	0.09624688299888283	7.708095548397235E-4	7.418997210895953E-4	8.324272359756161E-4	0.0010773806070289026	0.20620665206384667
35	35	5.136016193772304E-4	0.001096539925726995	4.6690837649655543E-4	8.382442146531359E-4	0.0014248331012002354	0.45729525362968687	7.434583958529867E-4	7.475314730159937E-4	0.0022673090459288977	0.0025192256206551375	8.622337979325278E-4	0.03558365087615938	7.818546756810715E-4	0.08866211695814062	0.014242374584953166	6.723060206061559E-4	6.470906413170712E-4	0.035578497847868235	0.03579214806158561	0.3192648211331621
36	36	5.811122331334216E-4	0.36928803205931465	5.28281374314223E-4	9.484276316708404E-4	0.0016121209786777294	0.2413691321697497	8.411826449842262E-4	8.457911097487839E-4	0.002565336582234618	0.0028503664532073683	9.755705373500151E-4	8.273157264240585E-4	8.84625942421585E-4	0.06088270650497605	0.0029699219531575446	7.606776112918303E-4	0.10588853547329669	8.214853558319696E-4	0.001063218925428729	0.20349615873278595
37	37	5.258190058952345E-4	0.0011226240570840467	4.7801503949942737E-4	8.581840925283577E-4	0.04903406922934719	0.19461502249218807	7.611435398235314E-4	7.653135060074073E-4	0.0023212430483245073	0.0025791521317337493	8.82744332130223E-4	7.485960680678242E-4	0.11973880984431351	0.019408168256110674	0.4903345941768937	0.03636980561523282	6.624834208155859E-4	0.04831866312786409	0.024749724249330276	0.005725824766809817
38	38	4.37382384429095E-4	9.338117896079171E-4	3.976184873980845E-4	7.138475415701479E-4	0.0012133857754812393	0.5081531415255872	6.33128077548319E-4	6.365967040757817E-4	0.04150456219763594	0.14065340684620767	7.342770354430909E-4	6.226909441363681E-4	0.2084278833067514	0.006250509526129682	0.0022353539839215834	5.725348193319835E-4	5.510614393782426E-4	6.183026328149515E-4	8.002468409013642E-4	0.08391025814164997
39	39	4.4175283575519704E-4	9.431427071745876E-4	4.0159160636079694E-4	7.209805127316686E-4	0.0012255102771994493	0.5132307547315745	6.394544764720553E-4	6.429577625193031E-4	0.07189615573323914	0.14205885638042737	7.416141440179305E-4	6.289130522034426E-4	0.20051826570378592	0.05627441299612489	0.0022576902876483315	5.782557528891389E-4	5.565678047103488E-4	6.24480891605702E-4	8.082431388583371E-4	0.004810399204701894
40	40	4.46211510261002E-4	9.526619813103749E-4	4.056449278385529E-4	7.282574720879188E-4	0.02142416536400939	0.5991560094348425	6.459085818927815E-4	6.494472271067875E-4	0.012062956399021857	0.06274753337493581	7.490993615636749E-4	6.35260761522464E-4	0.18235583938081285	0.04674925577091634	0.012373620396603847	5.840921708463303E-4	5.621853231069688E-4	6.307838664943741E-4	8.164008523715027E-4	0.055324665842454684
41	41	5.196385108412223E-4	0.0011094286945076976	4.723964339445755E-4	8.480969665784824E-4	0.0014415806394900848	0.13355733516240126	0.012506232136638967	7.563179841916935E-4	0.014047994180750194	0.14359725794346384	8.723685242618874E-4	7.39797043604513E-4	0.07131525525119924	0.4540793428390932	0.049671885269905736	6.802083291734633E-4	6.546965674310363E-4	7.345834464379396E-4	9.507449122674713E-4	0.11144483916381749
42	42	4.8013393310823184E-4	0.0010250863850232855	4.3648334964422204E-4	7.836219289468889E-4	0.012192442928811055	0.3623339090589318	6.9501261334819E-4	6.988202776629934E-4	0.002119564987185428	0.1218200803338496	8.060482853659523E-4	0.0767067462584916	0.326544582372829	0.08288465091763565	0.0024538466531758897	6.284967214811088E-4	6.049244452730155E-4	6.787380688230334E-4	8.784662502604676E-4	0.005228344230152594
43	43	0.001192361131508328	0.002545692103092037	0.028054736974997777	0.0019460410219813132	0.0033078470640681766	0.4143434121459711	0.0017259892894876912	0.001735445215465286	0.05920526710810615	0.0058485538172785186	0.0020017344730613802	0.0016975363095602508	0.19061057057147412	0.09795203214765934	0.033064642389702484	0.001560804205449817	0.0015022649854664351	0.0016855732035027334	0.029152354108772243	0.12086714173339479
44	44	4.4175283575519704E-4	0.06089687859171415	4.0159160636079694E-4	7.209805127316686E-4	0.011217799591289376	0.34336183639204576	6.394544764720553E-4	6.429577625193031E-4	0.0019501305346096513	0.01215909529725831	0.020726192772197782	6.289130522034426E-4	6.724794219873625E-4	0.026297545053855096	0.4519107094216951	5.782557528891389E-4	5.565678047103488E-4	6.24480891605702E-4	8.082431388583371E-4	0.06476413508924146
45	45	4.649841147609332E-4	9.927415090365864E-4	4.2271085200815145E-4	7.588960575641866E-4	0.18009208994634304	0.4034899344501509	6.73082659818051E-4	6.767701796924826E-4	0.002052685680565133	0.0022807558444301193	7.806147880428355E-4	0.02169753175381201	7.078443496422063E-4	0.00664495814710469	0.13910746136958477	6.086655649938518E-4	5.85837072296899E-4	6.573216311605296E-4	0.05343960992533844	0.18386550410365418
46	46	4.8013393310823184E-4	0.0010250863850232855	4.3648334964422204E-4	0.022504533628031148	0.19682019237102727	0.48179892340389524	6.9501261334819E-4	6.988202776629934E-4	0.002119564987185428	0.0023550659888861747	8.060482853659523E-4	6.835553116966927E-4	7.309068865651175E-4	0.050303283369009265	0.0024538466531758897	6.284967214811088E-4	6.049244452730155E-4	6.787380688230334E-4	8.784662502604676E-4	0.23329791707053732
47	47	5.019390820680718E-4	0.08054740340575191	4.563061195031829E-4	8.19209900782723E-4	0.2057587266361886	0.4242039244268621	7.265764177744202E-4	0.02343791786548022	0.002215824441243263	0.0024620206554007364	8.426547439377238E-4	7.145987859567724E-4	0.046178822538172286	0.06394147341444019	0.0025652874160703625	6.570397251883211E-4	0.05740079906905532	7.095627693385543E-4	9.183615505553619E-4	0.08494155103622991
48	48	7.483326428451228E-4	0.0015976908748836698	6.802992166844463E-4	0.0012213464382406602	0.0020760236728366802	0.3954603963218885	0.0010832407165862726	0.0010891753096305878	0.037157563119585006	0.03752461296722755	0.0012562999656029541	0.0010653834641958107	0.0011391852239147583	0.14611032185693604	0.0038245444124729994	0.08561463775003046	0.03479685732161721	0.0010578753506418795	0.05215021086675674	0.19434600250742262
49	49	0.011465106060834371	0.15475214714025165	4.412758060533354E-4	0.011771926263942632	0.07820451470525512	0.25651522281563516	7.02643643617661E-4	7.064931149458685E-4	0.0021428371757251487	0.002380923907868702	0.07767280126096585	0.01167076094521489	7.389320252006215E-4	0.0069367967456339516	0.22207479717402298	0.0774933002341038	6.115663344473471E-4	6.861904094694557E-4	0.055786613551442016	0.02724515068536943
50	50	4.554044343438466E-4	0.09368204069650542	0.021016169162167347	7.432611541976712E-4	0.0012633825284142956	0.24066091438648615	0.04186354983791765	6.628272473826304E-4	0.0020103959072324375	0.002233767331477851	7.645324317624561E-4	6.483485098642093E-4	0.05219867889647766	0.14042214356259053	0.0023274602563951707	0.10360696108410655	5.737675590577825E-4	6.437793810967968E-4	0.28926355945569043	0.0049590561768331175
51	51	4.554044343438466E-4	9.722888826103346E-4	4.1400209241288123E-4	7.432611541976712E-4	0.042467716667923226	0.590897754572312	6.592156984087248E-4	6.628272473826304E-4	0.01231147944210967	0.012534850866355082	7.645324317624561E-4	6.483485098642093E-4	0.02129542829184596	0.058013475283572674	0.0023274602563951707	5.961257353342419E-4	5.737675590577825E-4	6.437793810967968E-4	0.22745705824642704	0.02556122324658758
52	52	5.968016084616307E-4	0.014773608432771005	5.425443759995016E-4	9.740341087616639E-4	0.06915282870048597	0.15338977151199837	8.63893628309375E-4	8.686265164284165E-4	0.002634597778587067	0.0029273231348214673	0.08199852856917092	8.496523185773626E-4	9.085098458129911E-4	0.26501801777743034	0.043548415861955	7.81215049443787E-4	7.519149492300394E-4	8.436645345506459E-4	0.33857783600002606	0.019998215297178296
53	53	4.907944357086616E-4	0.07875899449679166	4.4617467025929216E-4	8.01020831701402E-4	0.056869524241395866	0.21495658005996154	7.10444107064881E-4	7.143363136553506E-4	0.03547140376483026	0.0024073559550132828	0.0341287228085187	6.987324168238105E-4	7.47135347474884E-4	0.02921699135935445	0.46877521743864925	6.424513505370823E-4	6.183556947165802E-4	6.93808215814847E-4	0.045304341244178974	0.027547615247549218
54	54	5.452752484911848E-4	0.0011641631527686729	4.957024499367493E-4	8.899384371013341E-4	0.10018413272924266	0.43616077386444196	0.1981321685659525	7.936314729654219E-4	0.014741062022733398	0.0396763718724056	9.154074494454379E-4	7.762954599563023E-4	8.300713753257519E-4	0.02012630515435955	0.07679034093134662	7.137668936726749E-4	6.869964909151311E-4	7.708246462440276E-4	9.97650592618952E-4	0.10460912119007608
55	55	4.963042027540909E-4	0.001059609925462967	0.011677405024297155	8.100132689828846E-4	0.21467505509411228	0.6439661471780229	7.184197099729978E-4	7.223556113367693E-4	0.002190949105264381	0.002434381466189664	8.331949151356328E-4	7.065765417031607E-4	0.023207965851100035	0.018318766277507736	0.04744137492478088	6.496636517001337E-4	6.252974927102424E-4	7.015970605229681E-4	0.012134273318735818	0.0166306493797073
56	56	4.963042027540909E-4	0.001059609925462967	4.511835259345819E-4	8.100132689828846E-4	0.012603068123585987	0.5990612611845726	7.184197099729978E-4	7.223556113367693E-4	0.002190949105264381	0.002434381466189664	8.331949151356328E-4	7.065765417031607E-4	0.22527995282162633	0.029544987775870307	0.11479870391495631	6.496636517001337E-4	6.252974927102424E-4	7.015970605229681E-4	9.080518203732476E-4	0.0054044278813447305
57	57	4.601444204570827E-4	9.824087572845174E-4	4.1831115051793713E-4	7.509972394961836E-4	0.09495123494521984	0.5450064943229976	6.660770133640494E-4	6.697261524242444E-4	0.022847921323134814	0.0230736176642435	7.724899149057505E-4	6.55096715857683E-4	0.2817245851492276	0.016984095732973454	0.0023516851616935067	6.023303910076066E-4	5.79739504118172E-4	6.504800302259236E-4	8.418928880956426E-4	0.005010671522754846
58	58	5.077033840435737E-4	0.0010839471879109993	4.615463694858074E-4	8.286177620514181E-4	0.04734473764177047	0.45204364436462524	7.349204699312558E-4	7.389467716038181E-4	0.0022412711172649794	0.14029909692268921	8.523318473526108E-4	7.22805286189052E-4	0.3108426808836538	0.030223581005554424	0.0025947473482582665	6.645852133186368E-4	6.396594091310768E-4	7.177114356193084E-4	9.289080759988086E-4	0.005528557503547242
59	59	4.8013393310823184E-4	0.09876918903090245	4.3648334964422204E-4	7.836219289468889E-4	0.0013319870792689273	0.3623339090589318	6.9501261334819E-4	6.988202776629934E-4	0.002119564987185428	0.02407597768797043	8.060482853659523E-4	6.835553116966927E-4	0.2939632148242026	0.18062875356351482	0.013314302502718018	6.284967214811088E-4	6.049244452730155E-4	6.787380688230334E-4	8.784662502604676E-4	0.016088800079694723
60	60	4.907944357086616E-4	0.0010478465677965837	4.4617467025929216E-4	8.01020831701402E-4	0.23449500522195604	0.41478524616309176	7.10444107064881E-4	0.011815928874940363	0.002166626080975224	0.0024073559550132828	8.239451246636626E-4	6.987324168238105E-4	0.16727102376675007	0.0847249541657795	0.0025083298646787528	6.424513505370823E-4	6.183556947165802E-4	6.93808215814847E-4	8.979709990389307E-4	0.07195398549268926
61	61	4.7497548284715536E-4	0.17291445022527788	4.3179387136812564E-4	7.752028723770002E-4	0.08726786507982275	0.3154659812988348	6.875455552013765E-4	6.913123108329472E-4	0.002096792860894053	0.0023297636931567793	0.022284935427133924	6.762113482045578E-4	7.23054188474365E-4	0.006787741998547439	0.3354844637818716	6.217442950153895E-4	5.984252740054293E-4	6.714458606975696E-4	8.690282077778892E-4	0.04814726636765901
62	62	4.601444204570827E-4	0.18833181426138199	4.1831115051793713E-4	7.509972394961836E-4	0.0012765321931711112	0.2119408845379355	0.15679058160011192	6.697261524242444E-4	0.00203132071156843	0.0022570170526771205	7.724899149057505E-4	6.55096715857683E-4	7.004768930813784E-4	0.027392396038756647	0.3562338955583221	6.023303910076066E-4	5.79739504118172E-4	0.0422836812533587	8.418928880956426E-4	0.005010671522754846
63	63	4.649841147609332E-4	0.35859700446514053	4.2271085200815145E-4	0.011276668497449596	0.0012899584682910727	0.24572334785186978	6.73082659818051E-4	6.767701796924826E-4	0.012570458120450543	0.0022807558444301193	7.806147880428355E-4	6.619868740411905E-4	7.078443496422063E-4	0.08026936522630256	0.18117855112912643	0.02164421044476467	5.85837072296899E-4	6.573216311605296E-4	0.0113685201657968	0.06817000726491465
64	64	5.888524324684578E-4	0.13445349017635638	5.353178862116418E-4	9.610603358292179E-4	0.09487099661920838	0.2712233373941781	8.523868857110877E-4	8.570567335164288E-4	0.0025995059136921395	0.016207961246397295	9.885647749411962E-4	8.383352649407468E-4	8.964088317515283E-4	0.4346432527152499	0.00300948021164229	7.708095548397235E-4	7.418997210895953E-4	8.324272359756161E-4	0.027716638546240485	0.006412217519759794
65	65	0.002201972690855288	0.05450903927388228	0.0020017839807897108	0.0035938182421849916	0.006108710446968385	0.21729558564252577	0.003187441438444837	0.003204904009321391	0.009720671455277594	0.01080071753962134	0.0036966691781113075	0.0031348963804770195	0.003352058442017371	0.13108342801270684	0.3599085208072676	0.002882388686911486	0.002774282375542281	0.0031128037173229163	0.004028789801189814	0.17340151787858174
66	66	5.452752484911848E-4	0.0011641631527686729	4.957024499367493E-4	0.02555779610652251	0.01384663088626854	0.12781255299667726	7.893072105830808E-4	7.936314729654219E-4	0.0024071331880228105	0.002674585368273838	9.154074494454379E-4	7.762954599563023E-4	8.300713753257519E-4	0.32847452602212424	0.3974724906338219	7.137668936726749E-4	0.013020925325625718	0.05010653998508638	9.97650592618952E-4	0.030605548181812558
67	67	0.0017629333154979257	0.0037638642362182594	0.08135648664358588	0.002877266341814268	0.004890727848903435	0.2537240265072403	0.0025519148018363536	0.0025658956055494837	0.16729017456630083	0.008647221130833093	0.32197492038235265	0.0025098464175912	0.002683709715143266	0.025193587750074374	0.009009919353131201	0.0023076848616123587	0.04209804702977887	0.0024921586905525353	0.003225511284109998	0.05907410351787365
68	68	5.321482902092765E-4	0.013173138872707785	4.8376890738449716E-4	8.685140559844187E-4	0.0014762852569598045	0.19695760386586736	7.703054259731913E-4	7.745255860474777E-4	0.026423187430730292	0.002610197390554544	0.07311538065428355	7.576069202775278E-4	8.100882340680875E-4	0.0437157879877913	0.6166067704420569	6.965836669221947E-4	6.704577349363585E-4	7.522678109541242E-4	9.736331486849609E-4	0.017831748317606318
69	69	5.520846209163046E-4	0.001178701169105814	5.018927595152672E-4	9.010519477006513E-4	0.0015315926057611813	0.22931230532921595	7.99164043016911E-4	8.035423065905895E-4	0.0024371933574500286	0.05265980296939053	0.11331842839330498	7.859898022419629E-4	8.404372687890344E-4	0.1702330940380647	0.30253247396015065	7.226803820754347E-4	6.955756717496473E-4	7.804506692576538E-4	0.013498063582968269	0.10591547512273444
70	70	4.907944357086616E-4	0.056555809374221645	0.055954137476684346	0.1007153538832665	0.012463153996255817	0.1705502098148215	7.10444107064881E-4	7.143363136553506E-4	0.013268218642260236	0.0024073559550132828	8.239451246636626E-4	6.987324168238105E-4	7.47135347474884E-4	0.1735376946560596	0.18013381084523897	6.424513505370823E-4	6.183556947165802E-4	6.93808215814847E-4	8.979709990389307E-4	0.22737628135067944
71	71	4.8013393310823184E-4	0.0010250863850232855	4.3648334964422204E-4	0.03336498947757328	0.0013319870792689273	0.44921755585526885	6.9501261334819E-4	6.988202776629934E-4	0.002119564987185428	0.013215521838428303	8.060482853659523E-4	6.835553116966927E-4	0.033312274435191504	0.050303283369009265	0.08933749344951292	6.284967214811088E-4	0.022325836144357274	6.787380688230334E-4	0.09862256889613963	0.20071654952191093
72	72	5.735728766601719E-4	0.001224578614714249	5.214274459815549E-4	9.361227211965074E-4	0.014565216248976737	0.2122895845160245	8.302691321410178E-4	8.34817806633278E-4	0.041454086713903396	0.0028133857676447076	9.629134745203074E-4	0.026764604014177792	8.731487957619147E-4	0.20280693400512817	0.21051556528158002	7.508085716369167E-4	7.226488908858033E-4	0.039732860232399456	0.03997145754801837	0.20085599734201512
73	73	0.0010262831975672026	0.0021911155626802023	9.32980355830708E-4	0.04810329605745266	0.002847113825054655	0.2869891561331223	0.07112804882381595	0.0014937238541794728	0.00453055654370881	0.00503393842195077	0.0017229230317959122	0.024675249696707036	0.0015623087745786253	0.3860928003560929	0.005245081457288389	0.0013434077046096562	0.0012930221156466572	0.0014507982617951484	0.0018777159665341848	0.15046047985958866
74	74	4.907944357086616E-4	0.0010478465677965837	4.4617467025929216E-4	8.01020831701402E-4	0.0013615614349708066	0.21495658005996154	7.10444107064881E-4	7.143363136553506E-4	0.002166626080975224	0.024610541077583304	8.239451246636626E-4	6.987324168238105E-4	7.47135347474884E-4	0.018115398798069438	0.4243688471935092	6.424513505370823E-4	6.183556947165802E-4	6.93808215814847E-4	0.30064097015373425	0.005344430124979193
75	75	5.019390820680718E-4	0.001071640397936799	4.563061195031829E-4	8.19209900782723E-4	0.0013924789018068982	0.40149656356748636	0.11426338071465313	7.305570061044789E-4	0.002215824441243263	0.0024620206554007364	8.426547439377238E-4	7.145987859567724E-4	7.641008194207913E-4	0.07529515384412806	0.07068736999419759	6.570397251883211E-4	6.323969206159596E-4	7.095627693385543E-4	0.3074677331521279	0.016819468458102685
76	76	4.7497548284715536E-4	0.0010140730890118633	4.3179387136812564E-4	0.011518976443393626	0.0013176765116897423	0.4658788112930676	6.875455552013765E-4	6.913123108329472E-4	0.07730320785801043	0.0023297636931567793	7.973882851006743E-4	6.762113482045578E-4	7.23054188474365E-4	0.07125038342464719	0.0024274830803561707	6.217442950153895E-4	0.022085972416038678	6.714458606975696E-4	0.32318223533827667	0.015915945654609128
77	77	4.907944357086616E-4	0.0010478465677965837	4.4617467025929216E-4	8.01020831701402E-4	0.0013615614349708066	0.5146995792146568	7.10444107064881E-4	7.143363136553506E-4	0.002166626080975224	0.013508948516298294	8.239451246636626E-4	6.987324168238105E-4	0.04515350559261493	0.11802973184963454	0.10242266291624386	6.424513505370823E-4	0.01171994825600159	6.93808215814847E-4	0.17852345197959912	0.005344430124979193
78	78	4.649841147609332E-4	9.927415090365864E-4	4.2271085200815145E-4	7.588960575641866E-4	0.0012899584682910727	0.3719366171304947	6.73082659818051E-4	6.767701796924826E-4	0.30706808643724204	0.0022807558444301193	7.806147880428355E-4	0.011179759313926601	7.078443496422063E-4	0.09078713766618796	0.002376419651074454	6.086655649938518E-4	5.85837072296899E-4	6.573216311605296E-4	0.20068842408373416	0.005063372625602195
79	79	4.601444204570827E-4	9.824087572845174E-4	0.13572621512569943	0.02156759785106257	0.0012765321931711112	0.24316578545528508	6.660770133640494E-4	6.697261524242444E-4	0.09570602346361716	0.0022570170526771205	7.724899149057505E-4	6.55096715857683E-4	7.004768930813784E-4	0.12106709879080538	0.0023516851616935067	0.18795173589510505	5.79739504118172E-4	6.504800302259236E-4	0.15696639747484353	0.02582727213432123
80	80	6.133616825767439E-4	0.0013095277516297972	0.04217965693640348	0.0010010616448859712	0.0017015873692199672	0.18539407550354858	8.878649821219998E-4	8.927291986036305E-4	0.00270770269965016	0.044630608628465414	0.0010297108753584228	8.732285039767079E-4	9.337192121546042E-4	0.35561586402142276	0.01700876031097345	0.07017298893164185	0.05626885647175615	8.67074570687218E-4	0.20923251349553132	0.006679107209391745
81	81	4.8540565984610837E-4	0.012016041927404237	0.1870961826228538	7.922258629543702E-4	0.0013466118983372875	0.37729192722650606	7.02643643617661E-4	7.064931149458685E-4	0.04606163877967819	0.12315762831873958	8.148984540480007E-4	6.910605442266265E-4	7.389320252006215E-4	0.061835298750575265	0.046399590758210776	6.353974271859747E-4	6.115663344473471E-4	6.861904094694557E-4	0.07774601435341855	0.06018425188833422
82	82	0.0012254114304043541	0.0026162545213738327	0.0011140051742908976	0.001999982093809988	0.0033995351703648828	0.4258283333289526	0.0017738308874746598	0.001783548916242793	0.033127977015169924	0.03372902934548026	0.0020572192761943615	0.001744589237515771	0.001865441268772506	0.07294873896050233	0.0894178665349104	0.0016040671432839583	0.0015439053119402552	0.0017322945337396784	0.0022420464584221923	0.3182459233911543
83	83	4.288958805820067E-4	9.156930961554863E-4	3.899035200306131E-4	6.999968010660989E-4	0.04969719072420772	0.32366702345847365	6.208435319033754E-4	6.24244856880942E-4	0.0018933731380838701	0.06031256021488611	7.200299027099103E-4	6.106089095572709E-4	0.010354376945750058	0.03523364018887759	0.2253257832628575	0.12668053127904955	5.403692277306022E-4	6.063057443739641E-4	0.08809794645869036	0.07258068285813336
84	84	4.963042027540909E-4	0.01228583142382554	4.511835259345819E-4	8.100132689828846E-4	0.012603068123585987	0.23982217323697033	7.184197099729978E-4	7.223556113367693E-4	0.013417170603626953	0.11469659644981538	8.331949151356328E-4	7.065765417031607E-4	0.1916012883265386	0.16425964575622115	0.11479870391495631	0.011875885150062705	6.252974927102424E-4	7.015970605229681E-4	0.045812937813823534	0.07276175687152016
85	85	0.025213132917912356	0.0011641631527686729	4.957024499367493E-4	8.899384371013341E-4	0.05084841739040031	0.28815362784791493	7.893072105830808E-4	7.936314729654219E-4	0.0024071331880228105	0.06434422954182677	9.154074494454379E-4	7.762954599563023E-4	8.300713753257519E-4	0.4271459566998089	0.015120696757793683	0.03771555339780444	6.869964909151311E-4	0.05010653998508638	9.97650592618952E-4	0.030605548181812558
86	86	4.7497548284715536E-4	0.0010140730890118633	4.3179387136812564E-4	7.752028723770002E-4	0.0013176765116897423	0.30472220772781816	0.011431319126218004	0.34449206658336495	0.055815660715977176	0.19571768797145606	7.973882851006743E-4	0.011419984919221183	7.23054188474365E-4	0.006787741998547439	0.0024274830803561707	6.217442950153895E-4	5.984252740054293E-4	6.714458606975696E-4	0.04384412249184439	0.015915945654609128
87	87	4.46211510261002E-4	9.526619813103749E-4	4.056449278385529E-4	7.282574720879188E-4	0.0012378795275749673	0.4275725798251499	6.459085818927815E-4	6.494472271067875E-4	0.13318067141762838	0.27470353465749725	7.490993615636749E-4	6.35260761522464E-4	6.79266852903041E-4	0.036656112852699124	0.04265304915125548	5.840921708463303E-4	5.621853231069688E-4	6.307838664943741E-4	0.03109582960702314	0.045231522924237474
88	88	5.136016193772304E-4	0.001096539925726995	4.6690837649655543E-4	8.382442146531359E-4	0.0014248331012002354	0.3759728740017163	7.434583958529867E-4	0.01236501427701179	0.025502274653920493	0.5369234346044618	8.622337979325278E-4	7.312024641719906E-4	7.818546756810715E-4	0.018957220134165828	0.0026248917809573707	6.723060206061559E-4	6.470906413170712E-4	7.260494358808469E-4	9.396996495982176E-4	0.0172102682292714
89	89	5.452752484911848E-4	0.0011641631527686729	4.957024499367493E-4	8.899384371013341E-4	0.001512702051557954	0.3251554143520467	7.893072105830808E-4	7.936314729654219E-4	0.13808035036983926	0.4343620945831444	9.154074494454379E-4	7.762954599563023E-4	8.300713753257519E-4	0.0817959493279125	0.0027867679230830955	7.137668936726749E-4	6.869964909151311E-4	7.708246462440276E-4	9.97650592618952E-4	0.0059376905123913835
90	90	5.196385108412223E-4	0.0011094286945076976	4.723964339445755E-4	8.480969665784824E-4	0.0367036859535968	0.48617838830346843	7.521970319367282E-4	7.563179841916935E-4	0.0022939590760479548	0.249383573885784	8.723685242618874E-4	0.01249383214830675	7.910446229858025E-4	0.12496635990743052	0.0026557448510967883	6.802083291734633E-4	6.546965674310363E-4	7.345834464379396E-4	9.507449122674713E-4	0.07618273384971079
91	91	4.963042027540909E-4	0.01228583142382554	4.511835259345819E-4	8.100132689828846E-4	0.0013768466252234172	0.31840572372550835	7.184197099729978E-4	7.223556113367693E-4	0.035869613600352096	0.32799480491870425	8.331949151356328E-4	7.065765417031607E-4	7.555228543748931E-4	0.08567609526768317	0.058667596423143446	6.496636517001337E-4	6.252974927102424E-4	7.015970605229681E-4	9.080518203732476E-4	0.15134530736005816
92	92	4.601444204570827E-4	9.824087572845174E-4	4.1831115051793713E-4	7.509972394961836E-4	0.0012765321931711112	0.24316578545528508	0.021482677624930432	6.697261524242444E-4	0.14774752499253313	0.0022570170526771205	7.724899149057505E-4	6.55096715857683E-4	0.05274197842199734	0.30841650429490286	0.0023516851616935067	6.023303910076066E-4	0.08384614195038372	6.504800302259236E-4	8.418928880956426E-4	0.12991027519215315
93	93	4.554044343438466E-4	9.722888826103346E-4	0.1961345892550803	7.432611541976712E-4	0.0012633825284142956	0.39517716740964465	6.592156984087248E-4	6.628272473826304E-4	0.09472014772112752	0.18765327095926804	0.07287211717590308	6.483485098642093E-4	6.932612220914958E-4	0.006508057609186512	0.0023274602563951707	0.010897209270211474	5.737675590577825E-4	0.010944862915974029	8.332204791279504E-4	0.01526013971171035
94	94	5.386318021750458E-4	0.001149979388825515	4.89662981569084E-4	8.790957328929349E-4	0.0014942718094010867	0.38211211489362096	7.796905626700134E-4	7.83962139724947E-4	0.002377805504151819	0.10011125100056373	9.042544395396843E-4	7.668373427431103E-4	8.199580708326554E-4	0.06861571909691802	0.23424228807143146	0.08599066598197573	6.786263616649964E-4	7.614331835457867E-4	9.854955605087142E-4	0.11551825607524471
