0	0	6.173063790968126E-4	0.002825188176432773	0.3912510544229542	0.013104784033411105	0.1890913378980841	8.850856575167989E-4	0.0015348839105973238	8.005789310204478E-4	7.08578489391115E-4	7.530098066106921E-4	0.1268394194911026	8.53112745702153E-4	9.000612714629749E-4	0.11090121827962905	0.06678770668497312	0.07345801916039275	0.013843618750817547	7.341024718195599E-4	0.0026748149710727	0.0014361184679121447
1	1	5.118201435809403E-4	0.002342415803673756	0.1334082924928825	0.05107282902425705	0.056260602700527386	0.030889398435220074	0.0012726006568268323	6.637748082601614E-4	5.874955394258922E-4	6.243343668361752E-4	0.03480194257066017	7.073315662716121E-4	0.020849962481890697	0.15226136762935616	0.20615271135251034	0.22173504338733724	0.04163355805028115	6.086579456372093E-4	0.0022177385961083236	0.04139812244845636
2	2	6.099120847144119E-4	0.002791347163655963	0.027214873111103793	9.694890372343652E-4	0.07902144592871792	8.74483816798912E-4	0.001516498577378554	7.909893390564477E-4	7.00090908311424E-4	7.439900129207894E-4	0.12532009612304953	8.428938868069486E-4	8.892800480239225E-4	0.0017679127150557006	0.5091856041180762	0.24027461886224022	0.001699473754729201	7.253091562678498E-4	0.0026427751769213708	0.0014189161789364799
3	3	5.332611951156642E-4	0.002440543746843266	0.02379463552840378	8.476482030835813E-4	0.07956334370988448	7.645827930657434E-4	0.001325912150343368	6.915815095982202E-4	6.121067672082137E-4	6.504888382889321E-4	0.004841030326001928	7.369629372810814E-4	7.775195033621976E-4	0.24242340497448991	0.2043158708386315	0.17865920473075217	0.11668825828292637	0.011107098105624125	0.12798595240913468	0.0012405934499607719
4	4	5.505591168747107E-4	0.0025197100825322307	0.0029411584751990786	8.751442077252764E-4	0.10376954594619438	7.893843226986954E-4	0.0013689220765222905	7.140150242672158E-4	6.319622809120639E-4	6.715893892626711E-4	0.091499372512792	7.608685342852667E-4	8.027406738851621E-4	0.012408533716900544	0.2758194488511303	0.4115204862109436	0.0015340912124959384	0.06553070810806808	0.02401092344839167	0.001280835808918754
5	5	5.62728300510535E-4	0.0025754040375745744	0.003006167838389596	8.944877990767215E-4	0.006598263042966143	0.12237508530937259	0.02350249851992126	0.01178145648713891	6.459307446276205E-4	6.864337435841497E-4	0.049315174861474256	7.776862540044461E-4	8.204839068515085E-4	0.0016311441313055725	0.44769086445719897	0.24378990489899238	0.0015679997195150236	6.691980681813384E-4	0.002438325819756053	0.07867076205955836
6	6	0.03298854995041858	0.056583028138438685	0.0029411584751990786	0.011687807818906567	0.2659595001139137	7.893843226986954E-4	0.0013689220765222905	7.140150242672158E-4	6.319622809120639E-4	6.715893892626711E-4	0.004998063623341686	7.608685342852667E-4	0.1954306856751484	0.012408533716900544	0.3190701032958555	6.39268986054648E-4	0.0015340912124959384	6.54726440980344E-4	0.08888690511547942	0.001280835808918754
7	7	6.406056047214919E-4	0.0029318203107891235	0.003422198535703136	0.051342776939255555	0.25913390657592666	0.026080741202673462	0.0015928156082950218	8.307954811418013E-4	7.353226324230938E-4	7.814309374719805E-4	0.018396644739356947	8.853120992459899E-4	0.1644886538900392	0.039600256175514936	0.35867436848573264	7.438243829579994E-4	0.0017849989197482104	7.618099760698543E-4	0.06568139507837839	0.0014903224245545663
8	8	6.745521011620916E-4	0.01633499548536084	0.10958605977943693	0.0010722379233168871	0.14038759479903756	0.04071060680091345	0.0016772209100579156	8.748203782634987E-4	7.742883032512396E-4	8.22839945357573E-4	0.019371506074569684	0.04067566889070362	0.23944418612491966	0.0019552805502622657	0.3114419025900136	7.83240572236413E-4	0.06811865990715056	8.021792445409158E-4	0.002922863135801062	0.0015692964836442965
9	9	6.657325992931834E-4	0.003046817482982771	0.029705639008895633	0.0010582188366483909	0.2692981265201235	9.545185265020004E-4	0.04087910510583432	8.633824478979094E-4	7.641647899958013E-4	8.120816385886944E-4	0.0060436268974856855	9.200374156466761E-4	0.2755373613114668	0.0019297160305793981	0.26814610972485153	7.730000116055243E-4	0.001855013383930877	0.053090108662481005	0.029033856653698942	0.014623382951491402
10	10	6.487678337476671E-4	0.015710602067739936	0.00346580222573578	0.0010312524022591944	0.24969421593368815	9.301946718069614E-4	0.0016131103507942273	8.41381000439496E-4	0.14090037972507555	7.913874820803563E-4	0.018631044230352806	8.965922380091082E-4	0.11561876919233402	0.0018805413618566088	0.2613129819972111	0.051719006505922295	0.0018077423517242615	7.715165216468486E-4	0.13022540064985696	0.00150931125771869
11	11	6.745521011620916E-4	0.0030871811552949254	0.14932950276963466	0.0010722379233168871	0.07414852314870798	9.67163810715707E-4	0.0016772209100579156	8.748203782634987E-4	7.742883032512396E-4	8.22839945357573E-4	0.006123691744503768	9.32225900505877E-4	0.23944418612491966	0.22716812416138282	0.20545938794948626	7.83240572236413E-4	0.04162303124701872	8.021792445409158E-4	0.002922863135801062	0.04131273947384204
12	12	6.745521011620916E-4	0.0030871811552949254	0.0830904311193051	0.0010722379233168871	0.3258569954199604	9.67163810715707E-4	0.014925035240123832	0.027370449038395327	7.742883032512396E-4	0.05381409726562123	0.006123691744503768	9.32225900505877E-4	0.08047041416412863	0.015203094880328182	0.24520283093968398	7.83240572236413E-4	0.13435773155748015	8.021792445409158E-4	0.002922863135801062	0.0015692964836442965
13	13	5.690168812529249E-4	0.024954511520864166	0.014214925716470754	9.044838464453595E-4	0.6101308266101966	8.15848819218048E-4	0.0014148158604342079	7.379527280968087E-4	0.011828312587379047	6.941047528739144E-4	0.005165626157281084	7.86377025014393E-4	0.11258128755958442	0.13575133396674952	0.061563161909199124	6.607007922989568E-4	0.0015855223726875562	6.766764659811142E-4	0.013640737970458902	0.0013237764575132294
14	14	0.040960633964969545	0.01655430382884893	0.003651925165448771	0.06821500935206634	0.28995482004989126	9.801486378862917E-4	0.0016997387332050374	8.865654325047765E-4	7.846836465080168E-4	8.338871271908292E-4	0.10018563271572326	9.447416626424418E-4	0.06812510862433346	0.0019815315118200325	0.3021975452301585	7.937561057487284E-4	0.06903319890890626	8.129490425159723E-4	0.0029621045468641626	0.02844171571276739
15	15	6.836084185657203E-4	0.0031286286467143223	0.003651925165448771	0.0010866334413933063	0.3570831959605643	0.04125717418429012	0.0016997387332050374	8.865654325047765E-4	7.846836465080168E-4	8.338871271908292E-4	0.033057256805050214	9.447416626424418E-4	0.20238186044567955	0.0019815315118200325	0.24849484450162004	7.937561057487284E-4	0.0019048229982332136	0.027664299406785192	0.0029621045468641626	0.06871874125917121
16	16	6.406056047214919E-4	0.0029318203107891235	0.016003323248723084	0.00101827808717577	0.5359186502623655	9.184917766335713E-4	0.0015928156082950218	8.307954811418013E-4	7.353226324230938E-4	7.814309374719805E-4	0.030977769452376895	8.853120992459899E-4	0.1896509033160791	0.0018568820364550985	0.15737637307741348	7.438243829579994E-4	0.026947248345788103	7.618099760698543E-4	0.02793802093931855	0.0014903224245545663
17	17	6.099120847144119E-4	0.014769668841166202	0.05117151646612427	9.694890372343652E-4	0.4862843829640661	8.74483816798912E-4	0.013494820254888795	7.909893390564477E-4	7.00090908311424E-4	7.439900129207894E-4	0.04147184438047785	8.428938868069486E-4	0.18056410521067753	0.0017679127150557006	0.18577091882529972	0.012686506989545654	0.001699473754729201	7.253091562678498E-4	0.0026427751769213708	0.0014189161789364799
18	18	6.173063790968126E-4	0.002825188176432773	0.003297731039277688	9.812426776712126E-4	0.3709444582341825	0.15849112328213538	0.0015348839105973238	8.005789310204478E-4	7.08578489391115E-4	7.530098066106921E-4	0.09046879542388295	8.53112745702153E-4	0.19487672296330127	0.0017893460779700168	0.16377603753089226	7.167710259534023E-4	0.001720077395077655	7.341024718195599E-4	0.0026748149710727	0.0014361184679121447
19	19	0.02427577242861491	0.002758307271868111	0.015056203386191727	9.580136416630819E-4	0.0662495656429412	0.16657569010224435	0.025171628074179858	7.816267622662715E-4	6.918042544141808E-4	7.351837455248163E-4	0.05281750104032485	8.329169397717155E-4	0.11924415201216271	0.0017469867458475912	0.4913220686549571	6.998028484063641E-4	0.0016793578659986125	7.167240055750779E-4	0.02628457345593057	0.0014021211211169102
20	20	5.505591168747107E-4	0.013332373693713519	0.057004476531105526	8.751442077252764E-4	0.0064555734455627786	0.011602047933879986	0.0013689220765222905	7.140150242672158E-4	6.319622809120639E-4	6.715893892626711E-4	0.026623390845704267	7.608685342852667E-4	0.5414359212329496	0.0015958701057192531	0.28663211246231163	6.39268986054648E-4	0.033972082046039805	0.011467390052161634	0.002385596226029093	0.001280835808918754
21	21	6.099120847144119E-4	0.002791347163655963	0.0032582297560833093	9.694890372343652E-4	0.11495641096124863	0.012852805494309155	0.001516498577378554	7.909893390564477E-4	7.00090908311424E-4	7.439900129207894E-4	0.005536879347947128	8.428938868069486E-4	0.24045571359822876	0.0017679127150557006	0.40138070902048406	7.081853120354134E-4	0.09752604717481113	7.253091562678498E-4	0.08649102691949305	0.025375559533956964
22	22	6.487678337476671E-4	0.0029691758828663565	0.02894865459548294	0.0010312524022591944	0.1477628064546995	9.301946718069614E-4	0.0016131103507942273	8.41381000439496E-4	7.446916914661795E-4	7.913874820803563E-4	0.005889618045479225	8.965922380091082E-4	0.40867157144442634	0.0018805413618566088	0.23583012962746394	0.06446043269079588	0.07825629946096574	0.013512942706520427	0.00281113880112117	0.00150931125771869
23	23	0.0011985173799552158	0.005485180853068143	0.006402635869039398	0.0019051097525728037	0.1317441507314845	0.001718418242874838	0.002980019493328477	0.0015543460999995504	0.0013757247022786337	0.0014619893314889775	0.24626223520634563	0.001656341951757135	0.16651482587542285	0.2623941580617614	0.12967017665750988	0.0013916307382249753	0.003339577756972038	0.0014252802189264945	0.028731417417725332	0.002788263659263795
24	24	5.389051173697835E-4	0.0024663739390476183	0.4685654756315418	8.566195300821828E-4	0.01690271041311561	7.726749735589526E-4	0.001339945320506269	6.98901060145513E-4	6.185851741070958E-4	6.573734728059418E-4	0.06839498143649775	7.447627951373795E-4	7.857486032258879E-4	0.12856751877619232	0.29114859249055436	0.011209522994473843	0.00150161822697455	6.408674721881079E-4	0.002335098947199313	0.0012537236252757591
25	25	5.446697857027329E-4	0.002492756742412025	0.002909696901393811	0.01156278333232516	0.05987152088623654	7.809402781704163E-4	0.0013542787163268659	7.063772051651585E-4	6.252021800502039E-4	6.644053972012804E-4	0.03703560096204502	0.011449730065825952	7.941537564609934E-4	0.12994280559431035	0.40123301456907023	0.3001484459199792	0.033608682665957866	6.477228318858803E-4	0.0023600775019046805	0.0012671347075756856
26	26	6.406056047214919E-4	0.028094069736829017	0.05374669738778293	0.00101827808717577	0.25913390657592666	9.184917766335713E-4	0.0015928156082950218	8.307954811418013E-4	7.353226324230938E-4	7.814309374719805E-4	0.005815520026336998	0.013466436812265937	0.013515157333799826	0.0018568820364550985	0.33351211905969275	0.2775285680693968	0.0017849989197482104	7.618099760698543E-4	0.0027757715132786555	0.0014903224245545663
27	27	7.024707056024881E-4	0.003214954516851491	0.19689836469182515	0.0011166160912827194	0.3255475620633574	0.0010071931336011009	0.0017466383309901153	9.110277580271379E-4	8.063348254161785E-4	8.568959403098079E-4	0.006377141296043509	9.708092006252875E-4	0.001024234801161693	0.002036206403370913	0.24155525407909326	0.19396133234761967	0.001957381330124876	8.353801269932148E-4	0.01683995526801897	0.0016342470896850926
28	28	6.026928360514566E-4	0.014594847068149836	0.00321966358991	9.580136416630819E-4	0.14910534421691327	8.641329543001674E-4	0.0014985484816164084	0.04812778594739318	6.918042544141808E-4	7.351837455248163E-4	0.06465404083660657	8.329169397717155E-4	8.78754049345448E-4	0.013583526542129317	0.408466290080985	0.27294021816288605	0.0016793578659986125	7.167240055750779E-4	0.014448033659648842	0.0014021211211169102
29	29	5.389051173697835E-4	0.01305015971947576	0.09813297331655677	0.04319176265179475	0.027486496193543753	7.726749735589526E-4	0.001339945320506269	6.98901060145513E-4	6.185851741070958E-4	6.573734728059418E-4	0.04722740987564146	0.011328548575565521	7.857486032258879E-4	0.2238215908000456	0.3758188787339795	0.13821495235961156	0.00150161822697455	6.408674721881079E-4	0.012918884727627457	0.0012537236252757591
30	30	0.012588233762224652	0.002791347163655963	0.039193194788614036	0.012947810714744606	0.15089137599377936	8.74483816798912E-4	0.001516498577378554	7.909893390564477E-4	7.00090908311424E-4	7.439900129207894E-4	0.01751520102545737	8.428938868069486E-4	8.892800480239225E-4	0.08561616445762739	0.23368420553534067	0.43192776570240404	0.001699473754729201	7.253091562678498E-4	0.0026427751769213708	0.0014189161789364799
31	31	8.55992597062894E-4	0.08797357399301241	0.03819522599559403	0.0013606476402165959	0.043659331675498576	0.0012273107750958535	0.002128358476943913	0.0011101288785006287	9.825557646824172E-4	0.001044166789459704	0.024582038607876174	0.0011829752931591124	0.01805927787800512	0.0024812103814103722	0.428835703752888	0.23635073075911336	0.10325236475607633	0.0010179487895176356	0.0037090525730532698	0.001991404622833661
32	32	5.820253378304339E-4	0.002663719602620453	0.5746413575135991	9.251615086188178E-4	0.15542287681323758	8.345001708532425E-4	0.0014471603677625392	7.548232750629447E-4	6.680809540161314E-4	7.099728788214634E-4	0.0738675712911608	8.04354613589491E-4	8.486198803870949E-4	0.09313221558774086	0.05153993279563364	6.758052608138839E-4	0.0016217694500894784	0.023553430254499543	0.002521940708680632	0.012784681734981908
33	33	5.505591168747107E-4	0.0025197100825322307	0.10025513097583068	0.06575112587481301	0.02808090066792536	7.893843226986954E-4	0.0013689220765222905	7.140150242672158E-4	6.319622809120639E-4	6.715893892626711E-4	0.004998063623341686	7.608685342852667E-4	8.027406738851621E-4	0.0556591881616257	0.49207272107475614	0.238517868432043	0.0015340912124959384	6.54726440980344E-4	0.002385596226029093	0.001280835808918754
34	34	6.745521011620916E-4	0.0030871811552949254	0.16257731709970058	0.0010722379233168871	0.1668832234591694	9.67163810715707E-4	0.0016772209100579156	8.748203782634987E-4	0.027269916963383073	8.22839945357573E-4	0.04586713473470152	9.32225900505877E-4	9.835281837331468E-4	0.0019552805502622657	0.37768097424034314	7.83240572236413E-4	0.2005968032078097	8.021792445409158E-4	0.002922863135801062	0.0015692964836442965
35	35	5.887551876340609E-4	0.0026945196927186527	0.0031452068576341505	9.358589775989664E-4	0.030029065789569223	0.13959789835106162	0.047715143282056616	7.635511550009405E-4	6.758058487671951E-4	7.181821620408636E-4	0.07472168816174461	0.03550209246792125	8.58432312877862E-4	0.0017065865857710325	0.44527150156916484	6.836194702755059E-4	0.19820833276532512	7.001493151117585E-4	0.00255110143602343	0.012932508611702295
36	36	6.657325992931834E-4	0.003046817482982771	0.029705639008895633	0.21025188921352517	0.09932826933891115	9.545185265020004E-4	0.0016552919101699244	8.633824478979094E-4	7.641647899958013E-4	8.120816385886944E-4	0.03219283569459529	9.200374156466761E-4	9.706689418160066E-4	0.06730273802335339	0.26814610972485153	7.730000116055243E-4	0.13260105736947886	7.916910682618118E-4	0.002884647856589344	0.1453694269370394
37	37	6.026928360514566E-4	0.002758307271868111	0.5713735738114328	9.580136416630819E-4	0.0070668666615325655	0.07188337173199053	0.0014985484816164084	7.816267622662715E-4	0.10722066242094971	7.351837455248163E-4	0.005471341855197941	8.329169397717155E-4	8.78754049345448E-4	0.013583526542129317	0.15989895435906878	6.998028484063641E-4	0.0016793578659986125	0.024389803598138533	0.02628457345593057	0.0014021211211169102
38	38	5.017334424531752E-4	0.11068756331311229	0.0026803253662181776	7.975330941343433E-4	0.005883068663430386	7.193787215702669E-4	0.03080878741844937	6.50693458901349E-4	0.1483822502301525	6.120302904119674E-4	0.014408571867988199	6.933918216236226E-4	7.315505807839333E-4	0.0014543422809813302	0.6159476862621004	5.825761833669534E-4	0.001398042174747807	5.966628124567759E-4	0.061296565594473114	0.0011672464226441049
39	39	5.067266025086117E-4	0.0918854692270985	0.0027069994772535855	8.054699985771677E-4	0.0955079806137194	7.265378478978104E-4	0.0012599359663188184	6.571690419747718E-4	0.21952165153918693	6.181211046575962E-4	0.034455599961633006	7.002923310446594E-4	7.388308392427713E-4	0.0014688156311108782	0.5424629393017665	5.883738756910163E-4	0.001411955236449724	6.026006923540313E-4	0.002195668064558055	0.001178862646956164
40	40	5.118201435809403E-4	0.09280908841176616	0.0027342098367490277	8.135664642057146E-4	0.026105045164496583	7.338408991892726E-4	0.0012726006568268323	6.637748082601614E-4	0.19157269326762097	6.243343668361752E-4	0.0046463850346293665	7.073315662716121E-4	7.462574578701645E-4	0.00148357994920214	0.6584860743929725	0.01064614063512165	0.0014261480022400772	6.086579456372093E-4	0.0022177385961083236	0.0011907124004152852
41	41	5.95642490014049E-4	0.07291449077774212	0.003181999723550438	9.468067261693907E-4	0.27603992442519093	8.540242621344232E-4	0.188650219392705	7.724832337282862E-4	0.05917408680247667	7.265835108829285E-4	0.06389771301362936	8.231734148871625E-4	8.684743185123281E-4	0.06021692568991777	0.15802844438812427	6.916165021548431E-4	0.0016597126116207725	7.083397143568068E-4	0.09616554493397877	0.01308379406822375
42	42	5.505591168747107E-4	0.04577036452725739	0.0029411584751990786	8.751442077252764E-4	0.060518891501469226	7.893843226986954E-4	0.0013689220765222905	7.140150242672158E-4	0.3033865433939882	6.715893892626711E-4	0.037436054456885554	0.011573532145466556	8.027406738851621E-4	0.0015958701057192531	0.41638407579648706	6.39268986054648E-4	0.0015340912124959384	6.54726440980344E-4	0.06726157789311683	0.04453149025364391
43	43	0.001358387270263654	0.006216847557254541	0.007256681635239675	0.0021592317972449725	0.12263952253170435	0.0019476375604976536	0.003377523440691537	0.0017616798814400515	0.18830483156048103	0.0016570036700094446	0.09236548494882643	0.0018772809306733793	0.0019805915101695033	0.11064924037712971	0.4137462720313711	0.0015772599641258886	0.003785043078220503	0.0016153979394280358	0.032563892964428985	0.003160189350799586
44	44	5.118201435809403E-4	0.012394268315684022	0.4651194253892213	0.010865418976215981	0.07636430772454791	7.338408991892726E-4	0.0012726006568268323	6.637748082601614E-4	5.874955394258922E-4	6.243343668361752E-4	0.15542417271478337	7.073315662716121E-4	7.462574578701645E-4	0.00148357994920214	0.26646382642457195	5.942881231113823E-4	0.0014261480022400772	6.086579456372093E-4	0.0022177385961083236	0.0011907124004152852
45	45	5.332611951156642E-4	0.002440543746843266	0.2018346563549115	8.476482030835813E-4	0.006252746898969535	7.645827930657434E-4	0.001325912150343368	6.915815095982202E-4	6.121067672082137E-4	6.504888382889321E-4	0.09909751194003541	7.369629372810814E-4	7.775195033621976E-4	0.001545729738626549	0.5499229700900876	6.191839042444874E-4	0.0014858918657743138	6.341557040648489E-4	0.0023106435904233532	0.1269159022686721
46	46	5.505591168747107E-4	0.0025197100825322307	0.0029411584751990786	8.751442077252764E-4	0.0064555734455627786	7.893843226986954E-4	0.04461957652124745	0.011526678635448505	6.319622809120639E-4	6.715893892626711E-4	0.26450199029169263	7.608685342852667E-4	8.027406738851621E-4	0.0015958701057192531	0.44882206663003094	6.39268986054648E-4	0.0015340912124959384	6.54726440980344E-4	0.002385596226029093	0.20672144442136323
47	47	5.754476022716056E-4	0.00263361568444016	0.003074116004220624	9.147058336552749E-4	0.029350321271061717	8.250691012916819E-4	0.012732264458078802	7.462926706814921E-4	6.605306644294466E-4	7.019491493593826E-4	0.084334219068404	7.952642328108168E-4	8.390292375055352E-4	0.035572390090855686	0.46911144357203105	0.011969626789333736	0.08071365488726487	6.843238973948357E-4	0.0024934390988734347	0.26127229668603585
48	48	0.01766719365071611	0.0039175687247463235	0.07181762810290046	0.0013606476402165959	0.060470532729151795	0.01803851182874907	0.002128358476943913	0.017921329932153847	9.825557646824172E-4	0.001044166789459704	0.2767500544126744	0.0011829752931591124	0.0012480768243519037	0.0024812103814103722	0.27753489427000905	9.939160079683288E-4	0.00238515843415703	0.0010179487895176356	0.07095385678766614	0.17010341515936583
49	49	5.565771989000707E-4	0.07906323957432872	0.29810640020282725	8.847102824022451E-4	0.006526138384595427	7.98012968484276E-4	0.0013838855656197059	7.21819819159673E-4	6.388701691422172E-4	6.789304356790616E-4	0.08156868363900616	7.691854781147269E-4	0.0226732258604572	0.0016133143308781365	0.2351109702388968	0.25205592800393495	0.0015508601415141197	6.618831609495973E-4	0.0024116728331137764	0.012225691711995862
50	50	5.223207253717462E-4	0.0023904731711748913	0.002790305311661631	0.12392719232733268	0.10870524340863016	7.488964933858245E-4	0.0012987095301325003	6.773929156211706E-4	0.0108576265733273	6.371433079573791E-4	0.004741710993757013	7.218432908647249E-4	0.12385850239893857	0.0015140173065339609	0.22064025037447507	0.2878326613800624	0.0014554070768019762	0.010879223150760868	0.09458593902171325	0.0012151412414968601
51	51	5.223207253717462E-4	0.0023904731711748913	0.002790305311661631	0.011088335604414475	0.04715677610522025	7.488964933858245E-4	0.0012987095301325003	6.773929156211706E-4	5.995486894256434E-4	6.371433079573791E-4	0.014999788877658668	7.218432908647249E-4	0.0930842687472336	0.0015140173065339609	0.5181245090076231	0.23654227196055413	0.011713484960703631	6.211452668592135E-4	0.0022632380665983513	0.052505530661005134
52	52	6.836084185657203E-4	0.0031286286467143223	0.003651925165448771	0.0010866334413933063	0.3168061704141605	9.801486378862917E-4	0.0016997387332050374	8.865654325047765E-4	7.846836465080168E-4	8.338871271908292E-4	0.16731400862639628	9.447416626424418E-4	9.967327136604226E-4	0.015407206693954642	0.15451511822667782	0.2693072597484409	0.0019048229982332136	8.129490425159723E-4	0.016387779728998773	0.041867390894902
53	53	5.62728300510535E-4	0.05783370084366313	0.4008659048422271	8.944877990767215E-4	0.03975324112661927	8.068323359777985E-4	0.001399179797485841	7.297971259212014E-4	6.459307446276205E-4	6.864337435841497E-4	0.02721185613903884	7.776862540044461E-4	0.14449205560268172	0.05688944093739411	0.20455435851040937	6.53398952202782E-4	0.0015679997195150236	0.05592749487426988	0.002438325819756053	0.0013091465310343935
54	54	6.248821638527456E-4	0.051949161406095144	0.08924447966950162	9.932848071082172E-4	0.04414402352400748	8.959477167129491E-4	0.0015537205053997992	8.10403896170524E-4	0.012989599795445603	7.622509879870061E-4	0.017945105518328168	0.013135907823181574	9.111071162665412E-4	0.0018113055152925456	0.3744154821606746	0.0498148690742656	0.0508304883456279	7.431116162308656E-4	0.002707641170783194	0.2837172271870679
55	55	5.690168812529249E-4	0.002604184598672836	0.02539008917756642	9.044838464453595E-4	0.017847163172126264	8.15848819218048E-4	0.0014148158604342079	7.379527280968087E-4	6.531491262833814E-4	6.941047528739144E-4	0.005165626157281084	0.07901252125268406	8.296529486277724E-4	0.0016493724336015191	0.5756206811195997	6.607007922989568E-4	0.0015855223726875562	6.766764659811142E-4	0.002465574509363237	0.2807028629849048
56	56	5.690168812529249E-4	0.002604184598672836	0.10361623340523607	9.044838464453595E-4	0.09607330739979592	8.15848819218048E-4	0.0014148158604342079	7.379527280968087E-4	0.22415641834819666	6.941047528739144E-4	0.005165626157281084	0.011961540486110058	8.296529486277724E-4	0.0016493724336015191	0.5420951907363127	6.607007922989568E-4	0.0015855223726875562	6.766764659811142E-4	0.002465574509363237	0.0013237764575132294
57	57	5.277342645596023E-4	0.023144042327724313	0.0028192251427481955	8.388628408683586E-4	0.006187940949817843	7.566583537096833E-4	0.00131216987086474	6.844136845015961E-4	0.3115376628154044	6.437469139380772E-4	0.015155252639585745	7.29324761066402E-4	7.694609828089918E-4	0.0015297091824674313	0.5442233502889281	6.127664366478656E-4	0.0014704914930654565	6.275830627959923E-4	0.002286695163684165	0.08414290882481307
58	58	5.820253378304339E-4	0.09410885598497579	0.003109255123878266	9.251615086188178E-4	0.052547098383087826	8.345001708532425E-4	0.0014471603677625392	7.548232750629447E-4	0.33215670034005423	7.099728788214634E-4	0.005283719004394292	0.012234996661383907	8.486198803870949E-4	0.0016870792053855163	0.3487366260382885	6.758052608138839E-4	0.0016217694500894784	6.921461589107075E-4	0.002521940708680632	0.1385217442607205
59	59	5.565771989000707E-4	0.024408963213217023	0.03576587366949116	8.847102824022451E-4	0.08304212529015179	7.98012968484276E-4	0.0013838855656197059	7.21819819159673E-4	0.29577196251914534	6.789304356790616E-4	0.02691440727789447	7.691854781147269E-4	8.115153160125271E-4	0.11092186705310152	0.38814294405000954	6.462567428212317E-4	0.0015508601415141197	6.618831609495973E-4	0.0024116728331137764	0.0231565469842182
60	60	5.62728300510535E-4	0.0025754040375745744	0.003006167838389596	8.944877990767215E-4	0.05080490048783698	8.068323359777985E-4	0.001399179797485841	7.297971259212014E-4	0.08905920563436928	6.864337435841497E-4	0.005108537416603418	7.776862540044461E-4	8.204839068515085E-4	0.1342510564659181	0.5250524799857229	6.53398952202782E-4	0.0015679997195150236	6.691980681813384E-4	0.002438325819756053	0.17813569631051773
61	61	5.505591168747107E-4	0.013332373693713519	0.3705717212553629	0.11981444393071947	0.01726823705674407	7.893843226986954E-4	0.0013689220765222905	7.140150242672158E-4	6.319622809120639E-4	6.715893892626711E-4	0.004998063623341686	7.608685342852667E-4	8.027406738851621E-4	0.0015958701057192531	0.265006785239949	6.39268986054648E-4	0.0015340912124959384	6.54726440980344E-4	0.002385596226029093	0.19590878081018195
62	62	5.277342645596023E-4	0.0024152489833551625	0.4277594887023158	8.388628408683586E-4	0.006187940949817843	7.566583537096833E-4	0.00131216987086474	6.844136845015961E-4	6.057626498671392E-4	6.437469139380772E-4	0.015155252639585745	7.29324761066402E-4	7.694609828089918E-4	0.04298729587120573	0.16074067341809883	6.127664366478656E-4	0.0014704914930654565	0.16645792981774918	0.002286695163684165	0.16705808220228965
63	63	5.332611951156642E-4	0.002440543746843266	0.1389970019455558	0.011320590604642859	0.02719863170208809	7.645827930657434E-4	0.001325912150343368	6.915815095982202E-4	6.121067672082137E-4	6.504888382889321E-4	0.004841030326001928	0.011209905338840358	7.775195033621976E-4	0.24242340497448991	0.3090452948542243	0.0425109535104816	0.0014858918657743138	0.06347181011342051	0.0023106435904233532	0.13738884467023138
64	64	6.745521011620916E-4	0.01633499548536084	0.030099173799041444	0.027567866583448716	0.39209606707029	9.67163810715707E-4	0.0016772209100579156	8.748203782634987E-4	7.742883032512396E-4	8.22839945357573E-4	0.019371506074569684	9.32225900505877E-4	9.835281837331468E-4	0.0019552805502622657	0.29819408825994764	7.83240572236413E-4	0.0018795882568209805	8.021792445409158E-4	0.002922863135801062	0.20028651143463302
65	65	0.002485726405166246	0.01137627130955187	0.2573702408751399	0.05276943315167371	0.27323751801721036	0.0035640013844379786	0.006180563808556138	0.003223715574054027	0.0028532545926211374	0.0030321675314289496	0.022565821439423314	0.0034352550862642916	0.0036243041454009383	0.007205214371020092	0.12248139334263264	0.0028862437292115654	0.055744521419508884	0.002956032790345601	0.0107707589418684	0.15223756208448402
66	66	6.248821638527456E-4	0.0028598598050509263	0.31014633687420057	9.932848071082172E-4	0.4614030871328833	8.959477167129491E-4	0.0015537205053997992	8.10403896170524E-4	7.172743951845482E-4	7.622509879870061E-4	0.06703440711937238	8.635824229205199E-4	9.111071162665412E-4	0.0018113055152925456	0.14124129955571463	7.255674732213814E-4	0.0017411867445836814	7.431116162308656E-4	0.002707641170783194	0.001453742981063687
67	67	0.0019980259256368363	0.009144242490372935	0.010673714601644797	0.003175972864879334	0.023427825847850605	0.04210482008537656	0.0049679348052474055	0.00259122133491936	0.0022934449409439837	0.355597949418126	0.13585863001053783	0.0027612567132354266	0.002913214274046311	0.0057915485321106495	0.2554108053125701	0.0023199615962102506	0.005567347666964641	0.002376058016629589	0.00865753188279728	0.12236849367990006
68	68	6.099120847144119E-4	0.002791347163655963	0.4943694185340032	0.024926132392254843	0.09099976760622816	8.74483816798912E-4	0.001516498577378554	7.909893390564477E-4	7.00090908311424E-4	7.439900129207894E-4	0.13729841780055976	8.428938868069486E-4	0.07275921011308537	0.0017679127150557006	0.13785763211525875	7.081853120354134E-4	0.001699473754729201	7.253091562678498E-4	0.02659941853194185	0.0014189161789364799
69	69	0.18700474626532992	0.002895393010234161	0.3139998451495069	0.0010056261788055397	0.14409095784804238	9.070796938802163E-4	0.0015730251822997873	8.204730079056734E-4	7.261863908746025E-4	0.025621335150667245	0.19211536337571913	8.743122675695738E-4	9.224274460425065E-4	0.014258617306901691	0.10572177538434142	7.34582508802749E-4	0.0017628206532628236	7.523446343973301E-4	0.0027412830888639654	0.0014718054565523776
70	70	5.62728300510535E-4	0.0025754040375745744	0.3345559486749209	8.944877990767215E-4	0.11711485665514322	8.068323359777985E-4	0.001399179797485841	7.297971259212014E-4	6.459307446276205E-4	6.864337435841497E-4	0.1266767903899982	0.07813930178252841	8.204839068515085E-4	0.0016311441313055725	0.2598126553164979	6.53398952202782E-4	0.0015679997195150236	0.011720857429399047	0.0576966226258446	0.0013091465310343935
71	71	5.505591168747107E-4	0.0025197100825322307	0.14350578542055584	8.751442077252764E-4	0.01726823705674407	7.893843226986954E-4	0.04461957652124745	7.140150242672158E-4	6.319622809120639E-4	6.715893892626711E-4	0.08068670890161071	0.10888750464609816	0.05486605872979161	0.012408533716900544	0.5245107119083	6.39268986054648E-4	0.0015340912124959384	6.54726440980344E-4	0.002385596226029093	0.001280835808918754
72	72	6.571407440308086E-4	0.04172509161232259	0.11966331923871504	0.0010445616068686643	0.1883874092788057	9.421996389581612E-4	0.0016339289357200331	8.522397503098845E-4	7.543025821375445E-4	8.016010223361719E-4	0.10921255118383846	0.026719894166952123	9.581416191873414E-4	0.22130452173274395	0.1872502602571343	7.63023777567143E-4	0.0018310728310400861	7.814736099636269E-4	0.09318847618583895	0.0015287902255294295
73	73	0.001170955213317303	0.005359038778501814	0.006255395186763322	0.001861298162234509	0.28969264225559666	0.0016788999757592494	0.0029114883270450003	0.001518600981123779	0.0013440873191866059	0.02442525336472624	0.19460520037759663	0.11660267741651917	0.001707306896239415	0.026391057381644885	0.3106632483594868	0.0013596275658497598	0.003262777870564575	0.001392503213305399	0.005073799074649675	0.0027241422798892747
74	74	5.62728300510535E-4	0.0025754040375745744	0.2571943331463969	8.944877990767215E-4	0.11711485665514322	0.011858491697195508	0.001399179797485841	0.01178145648713891	0.01169759010584533	6.864337435841497E-4	0.005108537416603418	7.776862540044461E-4	0.1997503524087703	0.0016311441313055725	0.29296763340015103	6.53398952202782E-4	0.0015679997195150236	0.011720857429399047	0.0687482819870623	0.0013091465310343935
75	75	5.887551876340609E-4	0.0026945196927186527	0.13033614345129862	9.358589775989664E-4	0.08784312787759853	8.441493397912785E-4	0.024589518446844892	0.13951730016627129	6.758058487671951E-4	7.181821620408636E-4	0.005344813656109443	0.012376467632709524	0.12804936890654234	0.05952064867380034	0.352769002228318	6.836194702755059E-4	0.0016405216660254668	7.001493151117585E-4	0.04880235110644688	0.0013696961940964341
76	76	5.565771989000707E-4	0.00254725266877235	0.00297330785282415	8.847102824022451E-4	0.028387848929040102	7.98012968484276E-4	0.0013838855656197059	7.21819819159673E-4	6.388701691422172E-4	6.789304356790616E-4	0.005052696733449794	7.691854781147269E-4	0.1866360549437923	0.0016133143308781365	0.5958291942222339	6.462567428212317E-4	0.0015508601415141197	0.011592738433171934	0.1554436466442265	0.0012948364397735246
77	77	0.012012667385624851	0.002663719602620453	0.10598503355402801	9.251615086188178E-4	0.09826966657426547	0.023695784266442074	0.0014471603677625392	7.548232750629447E-4	6.680809540161314E-4	7.099728788214634E-4	0.005283719004394292	8.04354613589491E-4	0.16087760854950894	0.0016870792053855163	0.5773494669941768	6.758052608138839E-4	0.0016217694500894784	6.921461589107075E-4	0.002521940708680632	0.0013540396871874914
78	78	5.332611951156642E-4	0.002440543746843266	0.002848750725285225	8.476482030835813E-4	0.0690904013083252	7.645827930657434E-4	0.001325912150343368	6.915815095982202E-4	6.121067672082137E-4	6.504888382889321E-4	0.004841030326001928	7.369629372810814E-4	0.10550694351895497	0.001545729738626549	0.37188294926357995	6.191839042444874E-4	0.0014858918657743138	6.341557040648489E-4	0.4317012820543537	0.0012405934499607719
79	79	5.389051173697835E-4	0.0024663739390476183	0.002878901292703483	0.19136476357778875	0.13332435399782516	0.0854429612169841	0.001339945320506269	6.98901060145513E-4	6.185851741070958E-4	6.573734728059418E-4	0.004892266753928888	7.447627951373795E-4	0.07487224906622289	0.04389723253276718	0.23822966358841366	6.257372140457002E-4	0.00150161822697455	6.408674721881079E-4	0.21401081455576218	0.0012537236252757591
80	80	7.122976491783188E-4	0.017249044015304388	0.0038051867702009945	0.1270342727285619	0.3860581449075371	0.0010212828743047695	0.0017710722556920741	9.237722302204229E-4	8.176147361219154E-4	8.688831562728717E-4	0.0064663518598314625	0.01497350509188199	0.11295148397635725	0.0020646911291752577	0.11903236217233804	8.270679423931073E-4	0.09990856926996658	8.470663557666862E-4	0.10101022211852206	0.0016571087603728788
81	81	5.690168812529249E-4	0.0808303288263425	0.02539008917756642	0.03442997422973235	0.06254781701650892	0.13491781035236602	0.0014148158604342079	7.379527280968087E-4	6.531491262833814E-4	6.941047528739144E-4	0.027515953079472417	7.86377025014393E-4	0.012004816409723437	0.012824535894697184	0.27389126767001676	6.607007922989568E-4	0.0015855223726875562	6.766764659811142E-4	0.19244335334798957	0.1354257379906612
82	82	0.0013956195281532324	0.0063872461442988455	0.08968306972195125	0.0022184145331835964	0.04377348065722008	0.002001020675545399	0.003470098530671227	0.0018099660521812768	0.0016019694765999936	0.0017024207534261603	0.06748798272715988	0.0019287356293974424	0.002034877865390005	0.1685003691034105	0.4524958738150255	0.0016204913393226277	0.003888787940305464	0.0016596746446001951	0.0882747676881066	0.058065133174050786
83	83	4.968377249792576E-4	0.012031453138329082	0.20756390724173318	0.23497230586360826	0.025340876893326408	7.123593071171736E-4	0.001235348047697468	6.443442482102468E-4	5.702978886325563E-4	6.06058339703068E-4	0.09232883028871597	6.866259771130464E-4	7.244123981188766E-4	0.01119775783067495	0.31720931766676824	0.03960731743149905	0.001384400629407075	5.908408115498818E-4	0.05094085138139365	0.001155856891422574
84	84	5.690168812529249E-4	0.0137793480597685	0.08126590648304474	0.10148095499630636	0.05137265355541326	8.15848819218048E-4	0.0014148158604342079	7.379527280968087E-4	6.531491262833814E-4	0.04539475859725657	0.03869111654056808	7.86377025014393E-4	0.0567054702541061	0.0016493724336015191	0.4303435561253561	6.607007922989568E-4	0.16921297428912255	6.766764659811142E-4	0.002465574509363237	0.0013237764575132294
85	85	6.248821638527456E-4	0.0028598598050509263	0.0033382018676742444	9.932848071082172E-4	0.38776913473131697	0.03771292391749611	0.0015537205053997992	8.10403896170524E-4	7.172743951845482E-4	7.622509879870061E-4	0.07930673251963344	8.635824229205199E-4	9.111071162665412E-4	0.0140836309155536	0.460321759962502	7.255674732213814E-4	0.0017411867445836814	7.431116162308656E-4	0.002707641170783194	0.001453742981063687
86	86	5.446697857027329E-4	0.09876576162639551	0.002909696901393811	8.657827896603291E-4	0.017083518715577214	7.809402781704163E-4	0.0013542787163268659	0.09697938208914864	6.252021800502039E-4	0.20390741570783308	0.004944599334050527	7.527295231611206E-4	7.941537564609934E-4	0.0015787990823323517	0.33705101131308124	6.324307253639126E-4	0.0015176810379633721	6.477228318858803E-4	0.22699708889786616	0.0012671347075756856
87	87	5.118201435809403E-4	0.1430683509718175	0.0027342098367490277	8.135664642057146E-4	0.01605319265248632	7.338408991892726E-4	0.0012726006568268323	6.637748082601614E-4	5.874955394258922E-4	6.243343668361752E-4	0.07500935261870123	7.073315662716121E-4	7.462574578701645E-4	0.011535432461212407	0.43734531912874647	0.01064614063512165	0.0014261480022400772	6.086579456372093E-4	0.2937214614444061	0.0011907124004152852
88	88	0.012151567605239923	0.3264532673856828	0.0031452068576341505	0.02406148381281069	0.006903440954357498	8.441493397912785E-4	0.001463893611633171	7.635511550009405E-4	0.11630393002482581	7.181821620408636E-4	0.016907626073715307	8.136552151036621E-4	8.58432312877862E-4	0.0017065865857710325	0.38745743948113553	6.836194702755059E-4	0.0016405216660254668	0.023825774150323484	0.0719279759416586	0.0013696961940964341
89	89	6.248821638527456E-4	0.18694474080896673	0.015610527267935298	9.932848071082172E-4	0.04414402352400748	8.959477167129491E-4	0.0015537205053997992	8.10403896170524E-4	0.049806575996228765	0.19711945739216385	0.06703440711937238	8.635824229205199E-4	9.111071162665412E-4	0.0018113055152925456	0.3498708313601525	7.255674732213814E-4	0.0017411867445836814	7.431116162308656E-4	0.07634159357234951	0.001453742981063687
90	90	5.95642490014049E-4	0.2600836918214575	0.038276224919247086	0.012644881791401606	0.12396494857717211	8.540242621344232E-4	0.0014810183489895698	7.724832337282862E-4	6.837114763155967E-4	7.265835108829285E-4	0.12238808833979042	8.231734148871625E-4	8.684743185123281E-4	0.0017265503637567004	0.4270841708884652	6.916165021548431E-4	0.0016597126116207725	7.083397143568068E-4	0.002580944412121054	0.001385719002991537
91	91	0.01174418034234859	0.2708081076649688	0.07009074302194908	9.044838464453595E-4	0.06254781701650892	8.15848819218048E-4	0.012589979321529873	7.379527280968087E-4	0.034178639509570376	6.941047528739144E-4	0.01634078961837675	7.86377025014393E-4	8.296529486277724E-4	0.0016493724336015191	0.4862193734308344	6.607007922989568E-4	0.023935849294878884	6.766764659811142E-4	0.002465574509363237	0.0013237764575132294
92	92	5.277342645596023E-4	0.0024152489833551625	0.0028192251427481955	0.03193205285742208	0.2756622544266168	7.566583537096833E-4	0.00131216987086474	6.844136845015961E-4	0.10424972937171288	0.021372540258307225	0.10843482268924691	7.29324761066402E-4	7.694609828089918E-4	0.0015297091824674313	0.3369354168452366	6.127664366478656E-4	0.0014704914930654565	6.275830627959923E-4	0.10593066188552992	0.0012277354473364645
93	93	5.223207253717462E-4	0.1152293298940931	0.013048383195563285	0.21624989328244756	0.016382542453515284	7.488964933858245E-4	0.011556787414034155	6.773929156211706E-4	5.995486894256434E-4	6.371433079573791E-4	0.025257866761560322	7.218432908647249E-4	0.04179387932772533	0.011772095190435615	0.2616725619100817	6.064806308160909E-4	0.0014554070768019762	6.211452668592135E-4	0.279231340931943	0.0012151412414968601
94	94	6.173063790968126E-4	0.027072270887912555	0.2700156408655553	9.812426776712126E-4	0.10422654840790486	8.850856575167989E-4	0.0015348839105973238	8.005789310204478E-4	7.08578489391115E-4	0.049247175229570256	0.054098171356663276	8.53112745702153E-4	0.07364130940590233	0.0017893460779700168	0.3941233232899502	7.167710259534023E-4	0.001720077395077655	0.012857643827559452	0.0026748149710727	0.0014361184679121447
