0	0	0.001483771223553065	0.028507391438373237	5.425074737942534E-4	7.880007121105324E-4	4.7671899493482913E-4	0.025431882057301767	0.025131034767683472	0.0031168104829962804	0.10278392532722756	0.45491564914849913	0.001044847076652306	9.305140122579E-4	6.966011216571917E-4	9.430941417879269E-4	0.17811308190656794	5.588344141565266E-4	7.803941812572943E-4	0.11054917557738088	0.06263382976026191	5.719361815459867E-4
1	1	0.0012286122552275865	0.023605074643437935	4.492143534500492E-4	0.12204062013956618	3.9473929011385895E-4	0.031174127326926544	5.779834064541417E-4	0.012696500872613552	0.17614962862892147	0.2148345508600906	0.031212200655989765	7.704967591859772E-4	5.768090535034563E-4	0.03112794581885902	0.15759927313105124	0.010578411037153812	6.461925125526066E-4	4.973220980694254E-4	0.18336671484798273	4.7358230885001285E-4
2	2	0.0014146432241815212	0.0038845533328318786	5.17232380361923E-4	7.512882379319922E-4	4.545089467419924E-4	0.03589437416497165	6.654990670577733E-4	0.002971600177196006	0.447415725731507	0.002769528341061678	9.961682864778874E-4	8.871619300544562E-4	6.641468988391868E-4	8.991559589967097E-4	0.11157816152165316	5.327986584973067E-4	0.3851065211978127	5.726243843622812E-4	0.0014790175369546411	5.452900225082082E-4
3	3	0.0012670638838250291	0.0034793064065119033	4.632733239722845E-4	6.729118525110363E-4	4.07093365626043E-4	0.021717511932426565	5.960724359147364E-4	0.002661594950113005	0.16079801636305552	0.23199044996688167	8.922453636592933E-4	7.946108400065892E-4	0.34485963060244906	0.04253441656215551	0.15209935988660206	4.77215686607451E-4	6.664162685744106E-4	5.128866869190819E-4	0.032621519703857974	4.884039183307411E-4
4	4	0.05575499631199196	0.00363081699753351	4.834471192402768E-4	7.022146101780743E-4	4.2482073689508034E-4	8.901245236094777E-4	6.220291285728199E-4	0.0027774973101917263	0.3637580835677842	0.08968103523322449	9.31099263428309E-4	8.292131267658832E-4	6.207652830464696E-4	8.404237140383962E-4	0.11517650455234878	4.97996618860889E-4	0.35995162975576345	5.352209558747523E-4	0.0013824091350318113	5.096720556195591E-4
5	5	0.012208791028652138	0.10160977888504813	4.834471192402768E-4	7.022146101780743E-4	4.2482073689508034E-4	0.07709598376945417	6.220291285728199E-4	0.0027774973101917263	0.5161698020594736	0.04613482994988465	9.31099263428309E-4	8.292131267658832E-4	6.207652830464696E-4	0.03350007767654327	0.006310991343999211	4.97996618860889E-4	0.19665335994323915	5.352209558747523E-4	0.0013824091350318113	5.096720556195591E-4
6	6	0.0013080000976267094	0.003591715601310005	0.032786172729709406	6.946522428857653E-4	4.202457104014344E-4	8.805384960819111E-4	6.15330303642946E-4	0.03505551758146752	0.38137928109313063	0.04563798963355918	9.210719661981109E-4	8.202830729941205E-4	6.140800688617048E-4	8.3137292996953E-4	0.26470648233909594	4.926335385609803E-4	0.22684347081887798	5.294569951251473E-4	0.0013675215415869773	5.041832389140169E-4
7	7	0.0015209321830069573	0.00417641853402949	5.56094540261836E-4	8.077361417020677E-4	4.886583929771041E-4	0.1137261077081236	7.155012172308642E-4	0.0031948708107243907	0.31824012205420743	0.0029776163442960615	0.07620583154060206	9.538186787266238E-4	0.05080392500935686	9.667138768305448E-4	0.25770872947129553	0.08823011610954276	0.06341228604981848	0.013138117801122909	0.001590143247946841	5.862602881975161E-4
8	8	0.0015802999564981323	0.004339440049586094	5.778010272931469E-4	8.392651584701905E-4	5.077325904416295E-4	0.001063849268496232	7.434299537464144E-4	0.01633084782550294	0.35668478368737777	0.02911638213387718	0.0011128210087717665	9.91049853070204E-4	7.41919444707468E-4	0.0010044483998498325	0.15066666091982073	5.951901387239934E-4	0.43020304221805644	6.396795136957922E-4	0.0016522125927982266	6.091442592157176E-4
9	9	0.0015402195349858707	0.06763573185990435	5.631465253874168E-4	8.179792619707813E-4	4.948552020972624E-4	0.0010368673484300395	7.245746814998556E-4	0.0032353858307509714	0.17010056855114294	0.003015376301730233	0.0010845970409637125	0.013647184517909477	0.01340437268959709	9.789730367152861E-4	0.33706442474510734	5.800946047768423E-4	0.35588564913980814	6.234556161779438E-4	0.026972848697720833	5.936948133236592E-4
10	10	0.0015209321830069573	0.00417641853402949	5.56094540261836E-4	8.077361417020677E-4	0.038056066559418615	0.001023883208799064	0.013237970606044702	0.06580721775479358	0.20553789755488294	0.0029776163442960615	0.0010710152077190464	9.538186787266238E-4	0.025758986231729192	9.667138768305448E-4	0.1825739131384125	5.728303878459083E-4	0.36395155138135055	6.156484123090714E-4	0.0892474289696437	5.862602881975161E-4
11	11	0.0015802999564981323	0.004339440049586094	5.778010272931469E-4	8.392651584701905E-4	5.077325904416295E-4	0.001063849268496232	7.434299537464144E-4	0.0033195787817594047	0.23958336229368593	0.08116145830885133	0.0011128210087717665	0.027013587940557273	7.41919444707468E-4	0.014015717443593369	0.3458356965759738	5.951901387239934E-4	0.2740678136931341	6.396795136957922E-4	0.0016522125927982266	6.091442592157176E-4
12	12	0.0016011327251599305	0.043945027760138644	5.854180591639957E-4	8.503290181003971E-4	5.144259245490132E-4	0.0010778737741671156	7.532304376222542E-4	0.003363340104747892	0.26910732823042205	0.10859698093259061	0.0011274910988027147	0.0010041146590498687	7.517000158539297E-4	0.0010176898361105502	0.37676036513930744	6.030364076673256E-4	0.18540123574626652	6.481122769011056E-4	0.001673993370924772	6.17174482453858E-4
13	13	0.0013367927709231559	0.014677151885614904	4.887681184457241E-4	7.099434459371597E-4	4.294964722827036E-4	8.999215659216094E-4	6.288754130311953E-4	0.0028080674809352964	0.11461516708722129	0.024629861560113982	9.413472890007445E-4	8.383397555388532E-4	6.275976571498674E-4	0.12191977412121817	0.5897182088942097	5.034777552826726E-4	0.12177319078841432	5.411117972255575E-4	0.0013976244452826342	5.152816962504768E-4
14	14	0.001622522099633638	0.017814281923176727	5.9323860139286E-4	8.616884797541415E-4	5.212980898394098E-4	0.0010922729838196109	7.632927688969385E-4	0.0034082706341490112	0.2593434049710266	0.0031765047625588864	0.027860356278650994	0.08117093793966335	0.040838446608234664	0.001031285054458536	0.328357863497681	6.110923116796476E-4	0.22795469731116122	6.567703450136417E-4	0.0016963560835934783	6.25419255615623E-4
15	15	0.0015600023462620455	0.004283703629163389	0.039102830707812446	0.013672635858521368	5.012111967134541E-4	0.001050185028544133	7.338812276473421E-4	0.003276941612794694	0.26219441826338036	0.003054106248305236	0.0010985277684247687	9.78320659755078E-4	7.323901198135937E-4	9.915471135854253E-4	0.251484678457973	5.875454270966181E-4	0.37330084827195825	6.314633738473937E-4	0.0016309913258495856	0.03913377136255181
16	16	0.001483771223553065	0.004074376035659368	5.425074737942534E-4	7.880007121105324E-4	4.7671899493482913E-4	0.013215374355944831	6.980193649696019E-4	0.0031168104829962804	0.16386646383401224	0.002904864198292503	0.037694370180723115	9.305140122579E-4	0.025129616524371057	9.430941417879269E-4	0.544608312947276	5.588344141565266E-4	0.19624451740296828	6.006062651684676E-4	0.0015512912534772344	5.719361815459867E-4
17	17	0.0014146432241815212	0.0038845533328318786	5.17232380361923E-4	7.512882379319922E-4	4.545089467419924E-4	9.523300643275321E-4	6.654990670577733E-4	0.0612083403449362	0.24941080916119035	0.002769528341061678	0.024290864353573968	8.871619300544562E-4	6.641468988391868E-4	8.991559589967097E-4	0.36781981825971	5.327986584973067E-4	0.26863304086233236	0.01221997241791032	0.0014790175369546411	5.452900225082082E-4
18	18	0.0013983560841940833	0.026866327928165182	5.112773550657997E-4	7.426384692179098E-4	4.492760719686284E-4	9.413656509639277E-4	6.578370104477398E-4	0.0029373874037946497	0.17745978508110385	0.01425089128403629	0.012497948365705244	8.769478136614819E-4	0.012169749623046462	0.04694180060422998	0.37509826623958514	5.266644147616924E-4	0.32310644778088515	5.660316171196962E-4	0.0014619892394613326	5.390119625857265E-4
19	19	0.0013824397112762567	0.02656052992787705	5.0545789238412E-4	7.341856073518934E-4	4.4416232048191017E-4	9.30650835959272E-4	6.503493760062814E-4	0.0029039534638623417	0.4827593847249922	0.002706481673076202	0.012355694179418387	8.669662155624875E-4	6.490279890941988E-4	8.786872075585871E-4	0.1318025570806885	5.206698134418668E-4	0.330810987650643	5.595889303082394E-4	0.0014453485810481165	5.328768189691215E-4
20	20	0.0012940639212352428	0.0035534474220807683	0.011127713589914911	6.872510231112798E-4	4.157681737723944E-4	8.711567385245991E-4	6.087742248887149E-4	0.08795485773164675	0.17487905157379577	0.0558063048668024	9.112583420145483E-4	8.115433109582291E-4	6.075373108193557E-4	0.07540449319001383	0.016831077878613186	4.8738474087190137E-4	0.565372737527475	5.23815859402644E-4	0.0013529511899048438	4.988113841535504E-4
21	21	0.0014483828627582654	0.003977201021833228	5.295685180362807E-4	7.69206673606436E-4	4.6534911289190204E-4	9.7504340407775E-4	6.813714068900875E-4	0.0030424736767889447	0.5057872787999476	0.0028355823705570197	0.024870208296977427	9.083209914824022E-4	6.799869890793704E-4	0.07247144443186876	0.054613629248374936	5.45506056281136E-4	0.2988902955209945	5.862816369036719E-4	0.001514292520987727	0.0244085764596626
22	22	0.0015402195349858707	0.09299827227348362	5.631465253874168E-4	8.179792619707813E-4	0.025857395615676536	0.0010368673484300395	7.245746814998556E-4	0.028597926244330246	0.23350691958509112	0.11714680816283696	0.0010845970409637125	9.659143111198392E-4	7.231024828074545E-4	9.789730367152861E-4	0.17220791205684202	5.800946047768423E-4	0.29247929810585993	6.234556161779438E-4	0.026972848697720833	5.936948133236592E-4
23	23	0.0029017329319910557	0.07964157639468541	0.0010609531830590598	0.001541051329522404	9.32294133320344E-4	0.07362696530637207	0.0013650795664102188	0.006095381469676956	0.10544437557083497	0.005680889326699964	0.0020433521846827682	0.0018197570556612915	0.0013623059829494602	0.025735537550528584	0.46778222809807346	0.0010928829170880117	0.21654677944544015	0.001174573917551897	0.003033778284596573	0.0011185053508552907
24	24	0.0012940639212352428	0.03551715235624601	4.7314527852649783E-4	0.011341819334499693	4.157681737723944E-4	8.711567385245991E-4	6.087742248887149E-4	0.01337287955192787	0.16422448326240735	0.5885347204362231	0.011565826653402961	8.115433109582291E-4	6.075373108193557E-4	8.225150102949305E-4	0.12337676099249731	4.8738474087190137E-4	6.806170238891039E-4	5.23815859402644E-4	0.0439712244354585	4.988113841535504E-4
25	25	0.0013080000976267094	0.003591715601310005	4.782407270218401E-4	6.946522428857653E-4	4.202457104014344E-4	8.805384960819111E-4	6.15330303642946E-4	0.013516896246342476	0.38137928109313063	0.1533310963091844	9.210719661981109E-4	8.202830729941205E-4	6.140800688617048E-4	8.3137292996953E-4	0.07085889032297052	4.926335385609803E-4	0.14068898547837777	5.294569951251473E-4	0.03367545354427455	0.1943517752550394
26	26	0.0015402195349858707	0.016910651032745798	5.631465253874168E-4	8.179792619707813E-4	4.948552020972624E-4	0.0010368673484300395	7.245746814998556E-4	0.0032353858307509714	0.2969132706190393	0.003015376301730233	0.0010845970409637125	9.659143111198392E-4	7.231024828074545E-4	0.051704053863873826	0.2990206141247384	5.800946047768423E-4	8.100833496982847E-4	6.234556161779438E-4	0.09037919973166901	0.2288565585355371
27	27	0.029523531073583808	0.060307929719840336	6.180062556051207E-4	8.976638904154341E-4	5.430622346545652E-4	0.0011378752752165642	7.951601681497373E-4	0.003550565603374223	0.11708798845408475	0.22597527419522564	0.0011902546245229036	0.0010600102455393923	7.935445531004006E-4	0.0010743411057052522	0.4812331166964027	6.366053565690334E-4	0.014805633203106381	0.056350728109914636	0.0017671787859608928	6.515304490282025E-4
28	28	0.0014483828627582654	0.003977201021833228	5.295685180362807E-4	7.69206673606436E-4	4.6534911289190204E-4	0.048675605637732496	0.012606511965303773	0.0030424736767889447	0.4700118571247065	0.0028355823705570197	0.0010199271801500532	9.083209914824022E-4	6.799869890793704E-4	0.07247144443186876	0.04268848868996125	0.012470646614694821	7.617815606523715E-4	0.23908909280517737	0.001514292520987727	0.08403427925173103
29	29	0.0012940639212352428	0.014208015733469182	4.7314527852649783E-4	6.872510231112798E-4	4.157681737723944E-4	8.711567385245991E-4	6.087742248887149E-4	0.0027183112405394557	0.40927955442434094	0.0558063048668024	0.011565826653402961	0.02212067993373506	6.075373108193557E-4	8.225150102949305E-4	0.10206762436972049	0.06441479460920238	0.0859171635149964	5.23815859402644E-4	0.0013529511899048438	0.22424474592331023
30	30	0.0014483828627582654	0.015902341580246913	0.012454709076449966	7.69206673606436E-4	0.048165911346546644	9.7504340407775E-4	6.813714068900875E-4	0.0030424736767889447	0.13610792148912326	0.16978755018834862	0.0010199271801500532	0.012833461549896088	6.799869890793704E-4	9.206010813866518E-4	0.281191299858235	5.45506056281136E-4	0.15578860882003026	5.862816369036719E-4	0.001514292520987727	0.15558512260221313
31	31	0.0020636012312322764	0.0056665658898251686	7.545092350515554E-4	0.0010959366335662388	6.630118506703497E-4	0.018379695170808716	9.707922610373547E-4	0.12326823258467033	0.36382633025048056	0.1739449320609608	0.0014531537474260984	0.0012941414625740747	9.688197947978031E-4	0.0013116376711371845	0.14577339800387418	7.772164379538753E-4	0.15399976881275987	8.353119460825984E-4	0.0021575068244076875	7.954381306832071E-4
32	32	0.012911605297161715	0.061406075567068084	5.112773550657997E-4	7.426384692179098E-4	4.492760719686284E-4	9.413656509639277E-4	0.012171086223415372	0.014450636616762281	0.06232729295142754	0.6474795979972561	9.846991527376126E-4	8.769478136614819E-4	6.565004100788316E-4	8.888037523594557E-4	0.16785978040616775	0.012039913627729324	7.354698177914691E-4	5.660316171196962E-4	0.0014619892394613326	5.390119625857265E-4
33	33	0.033981893670322054	0.025403919639203423	4.834471192402768E-4	7.022146101780743E-4	0.13106343658691458	8.901245236094777E-4	6.220291285728199E-4	0.0027774973101917263	0.3964177375302891	0.08968103523322449	9.31099263428309E-4	0.1967871369017951	6.207652830464696E-4	8.404237140383962E-4	0.038970645306504084	4.97996618860889E-4	6.954361682099092E-4	5.352209558747523E-4	0.0013824091350318113	0.07671553130146426
34	34	0.10849373464859313	0.09796769133489636	5.9323860139286E-4	8.616884797541415E-4	5.212980898394098E-4	0.0010922729838196109	7.632927688969385E-4	0.0034082706341490112	0.39293242065722594	0.13676552044875825	0.054578159415890865	0.0010175285279437243	0.06755624974547454	0.001031285054458536	0.1279743399683819	6.110923116796476E-4	8.53370644622274E-4	6.567703450136417E-4	0.0016963560835934783	6.25419255615623E-4
35	35	0.0014146432241815212	0.10871068563476423	5.17232380361923E-4	0.012398636271480029	4.545089467419924E-4	9.523300643275321E-4	0.02396019513415385	0.002971600177196006	0.6221259462347276	0.014416876374609717	0.10582230058841025	0.024181857997150533	6.641468988391868E-4	8.991559589967097E-4	0.053341421353912975	0.02382749472559338	7.440360907274565E-4	5.726243843622812E-4	0.0014790175369546411	5.452900225082082E-4
36	36	0.38390215646935677	0.043945027760138644	5.854180591639957E-4	8.503290181003971E-4	5.144259245490132E-4	0.0010778737741671156	7.532304376222542E-4	0.003363340104747892	0.2822901221526357	0.06904859916594956	0.0011274910988027147	0.0010041146590498687	7.517000158539297E-4	0.0010176898361105502	0.20538404415052952	6.030364076673256E-4	8.421208352749519E-4	6.481122769011056E-4	0.001673993370924772	6.17174482453858E-4
37	37	0.061074085654826686	0.05167776325548797	5.295685180362807E-4	7.69206673606436E-4	4.6534911289190204E-4	0.06060074619614618	6.813714068900875E-4	0.0030424736767889447	0.07648221869705484	0.575242329174414	0.0010199271801500532	9.083209914824022E-4	6.799869890793704E-4	9.206010813866518E-4	0.01883820757313388	5.45506056281136E-4	7.617815606523715E-4	0.1436879683378679	0.001514292520987727	5.582953428352301E-4
38	38	0.001204248672983809	0.04296714592761616	4.403063592486254E-4	6.395519718983601E-4	3.869115453403398E-4	8.106936057128833E-4	5.66521900841799E-4	0.17108603742412207	0.539514582580869	0.0023576268365787024	8.480119344251133E-4	7.55217682259047E-4	5.653708355024616E-4	7.654278845139618E-4	0.005747825380142172	0.010368639413750595	6.333784091950161E-4	0.21861926170388252	0.0012590488370153635	4.6419109410201413E-4
39	39	0.0012163084710782983	0.0033399340867818566	4.4471575235104934E-4	6.459566853309406E-4	3.907862227403738E-4	8.18812195685805E-4	5.721952637389572E-4	0.06264122955260441	0.524888733577125	0.01239561223719283	8.565042441451187E-4	7.627807155176724E-4	5.71032671199385E-4	7.730931665692524E-4	0.1259778891498558	0.010472474859576388	6.397212982541127E-4	0.23082297226624557	0.021300407906105445	4.688396779017868E-4
40	40	0.02145996711602299	0.0033737197826425314	4.492143534500492E-4	0.010768168405191458	3.9473929011385895E-4	8.270950357334384E-4	5.779834064541417E-4	0.0025808234422158493	0.7527432421615905	0.0024053248217388605	8.651683647966573E-4	7.704967591859772E-4	5.768090535034563E-4	7.809135276659117E-4	0.005864111675085715	4.6273360675611074E-4	6.461925125526066E-4	0.19269519327562576	0.001284521100824093	4.7358230885001285E-4
41	41	0.0014313142392716916	0.08642258347536408	5.233277609290814E-4	7.601418749038712E-4	0.04759829498846832	0.07167119764861034	6.733417123267482E-4	0.12085269389931354	0.18164237289464555	0.08529441835175994	0.0010079077386961884	8.976167851518746E-4	6.719736093364882E-4	9.097521590170531E-4	0.2896621782268373	5.390774815418734E-4	7.528042639913022E-4	0.1066408396604092	0.0014964471780512245	5.517160513742591E-4
42	42	0.0013222397078171797	0.00363081699753351	4.834471192402768E-4	7.022146101780743E-4	4.2482073689508034E-4	8.901245236094777E-4	6.220291285728199E-4	0.1334161131602112	0.32021187828444436	0.013475175987379786	9.31099263428309E-4	8.292131267658832E-4	6.207652830464696E-4	0.022613526355708312	0.11517650455234878	4.97996618860889E-4	6.954361682099092E-4	0.38156451718509826	0.0013824091350318113	5.096720556195591E-4
43	43	0.05755996640657852	0.009048997899401322	0.0012048836307224293	0.0017501125880888372	0.0010587705076838493	0.0022184359470112415	0.0015502682403562623	0.06118686993708441	0.49960117373527435	0.006451567012552637	0.002320556305817813	0.0020666279372818282	0.001547118388540299	0.0020945678143808226	0.1785224725066215	0.0012411449987819317	0.001733218840160256	0.05559849849509897	0.11197450539948473	0.001270243409077898
44	44	0.0012163084710782983	0.1635699379394996	4.4471575235104934E-4	6.459566853309406E-4	3.907862227403738E-4	8.18812195685805E-4	5.721952637389572E-4	0.01256935334863012	0.2745293525572534	0.46304249807296155	0.02088525472573484	7.627807155176724E-4	5.71032671199385E-4	7.730931665692524E-4	0.05587726246429178	4.580996187815287E-4	6.397212982541127E-4	4.923417279638189E-4	0.0012716574245157217	4.688396779017868E-4
45	45	0.1699563454113111	0.14056517421920936	4.6815726496644014E-4	6.800058542846599E-4	4.113850437217772E-4	8.619727905451774E-4	6.023563777145547E-4	0.00268965413680486	0.5314717718621222	0.09738696207231795	9.016516330966452E-4	0.011345233061682327	0.021685622982157766	8.138438553433709E-4	0.01665364052797457	4.822466114077222E-4	6.734417923092016E-4	5.182936641525706E-4	0.001338688046664023	4.935527922136337E-4
46	46	0.2517129200870212	0.2540214973767375	4.834471192402768E-4	7.022146101780743E-4	4.2482073689508034E-4	8.901245236094777E-4	6.220291285728199E-4	0.0027774973101917263	0.46173704545529887	0.0025886246665448288	9.31099263428309E-4	8.292131267658832E-4	6.207652830464696E-4	8.404237140383962E-4	0.006310991343999211	4.97996618860889E-4	6.954361682099092E-4	5.352209558747523E-4	0.012268960455866769	5.096720556195591E-4
47	47	0.21764429808692293	0.15176476372430406	5.0545789238412E-4	7.341856073518934E-4	4.4416232048191017E-4	9.30650835959272E-4	6.503493760062814E-4	0.014286156536264798	0.47137718165258974	0.014088684745478659	9.734911070159305E-4	8.669662155624875E-4	6.490279890941988E-4	8.786872075585871E-4	0.006598323284261504	0.05743168517545415	7.270985509717437E-4	5.595889303082394E-4	0.02420975472585303	0.03467948603617649
48	48	0.12099703216445463	0.09061901655641258	0.03473548950168652	0.0010959366335662388	6.630118506703497E-4	0.0013892050374912325	9.707922610373547E-4	0.0043348016514479625	0.2448928993172582	0.00404003072778597	0.0014531537474260984	0.13721806252911395	9.688197947978031E-4	0.0013116376711371845	0.29868780920373156	7.772164379538753E-4	0.0010853576129025543	8.353119460825984E-4	0.053128977224360135	7.954381306832071E-4
49	49	0.0013367927709231559	0.1357472522761193	4.887681184457241E-4	7.099434459371597E-4	4.294964722827036E-4	8.999215659216094E-4	0.02264162093857745	0.0028080674809352964	0.21367252195217942	0.2337509440528034	9.413472890007445E-4	8.383397555388532E-4	0.12169769804765428	8.49673730713777E-4	0.03939957075555328	5.034777552826726E-4	0.20982417289059938	5.411117972255575E-4	0.01240399720805576	5.152816962504768E-4
50	50	0.0012539820102663384	0.013767941319579249	4.5849023203454857E-4	6.659643355917478E-4	4.0289030688237096E-4	0.01116873102688074	5.899182519481652E-4	0.0026341151607777447	0.21076063409926302	0.043753221493671106	8.830333253558395E-4	0.12468109336832495	5.887196496490289E-4	0.011121595911568936	0.22280090182149334	4.722886459490302E-4	0.24844890888247625	0.0934286062590246	0.011635602535129163	4.8336136413380196E-4
51	51	0.03222765364361548	0.0034433841084628674	4.5849023203454857E-4	6.659643355917478E-4	4.0289030688237096E-4	8.441738157643588E-4	0.010914475463064548	0.0026341151607777447	0.5204973504327545	0.002454992649205583	8.830333253558395E-4	7.864068349283679E-4	5.887196496490289E-4	7.970387004525546E-4	0.08858165807698036	4.722886459490302E-4	0.33104536657140726	5.075913589771659E-4	0.0013110453240127821	4.8336136413380196E-4
52	52	0.06934338134860461	0.004515705216050918	6.012709204350251E-4	8.73355550588866E-4	5.283563503164424E-4	0.0011070621176800467	7.736275836375214E-4	0.0034544178623490142	0.2357753008704265	0.003219513932279002	0.001158023057449779	0.0010313056384550073	7.720557187268141E-4	0.001045248425286696	0.251565087325646	6.193663659979278E-4	0.40705826905218134	6.656628697687677E-4	0.00171932436859811	0.014173665425521658
53	53	0.0013516697520665655	0.025969353028224722	4.942075509739202E-4	0.02297556662216287	4.342762788901991E-4	0.05655424245354723	6.358740801879291E-4	0.002839318074050374	0.22717931493916443	0.5590892994102106	9.518234122806398E-4	8.476695222807165E-4	6.345821043388054E-4	8.591296316917201E-4	0.006451459636861181	5.090808893168984E-4	0.0897418042500751	5.47133755287346E-4	0.001413178413683944	5.210161947048398E-4
54	54	0.2983244388609675	0.004124766274619555	5.492169873499299E-4	7.977463869909368E-4	4.8261486312700956E-4	0.001011220234368831	7.066521868524658E-4	0.003155357937540785	0.4379802220192045	0.21318993156214106	0.0010577693237420601	9.420222341360728E-4	0.02544040948274266	9.547579496325447E-4	0.007169561085790756	5.657458527233319E-4	7.90045781633039E-4	6.080343211353064E-4	0.0015704769978158557	5.790096574858223E-4
55	55	0.3389900779762942	0.015007508347848607	4.997694154085638E-4	7.259230043019996E-4	4.3916367040335757E-4	9.201771922939887E-4	6.430302748363909E-4	0.04788769824735089	0.5448509984508383	0.025184235732549975	9.625353343757034E-4	8.572092854005099E-4	6.417237589534057E-4	8.687983681038571E-4	0.006524065050993532	5.14810139885953E-4	7.189157064094516E-4	0.011807397803158507	0.0014290824741204661	5.268797664723928E-4
56	56	0.0013668815874717257	0.0037534018015545232	4.997694154085638E-4	7.259230043019996E-4	4.3916367040335757E-4	9.201771922939887E-4	6.430302748363909E-4	0.0028712720621745552	0.5448509984508383	0.17148762083437305	0.02347074842696387	8.572092854005099E-4	0.011895830305247488	8.687983681038571E-4	0.06279459778246395	5.14810139885953E-4	7.189157064094516E-4	0.16936488945127567	0.0014290824741204661	5.268797664723928E-4
57	57	0.0012670638838250291	0.0034793064065119033	4.632733239722845E-4	0.011105177588055615	4.07093365626043E-4	8.529804613374013E-4	5.960724359147364E-4	0.013093860685657587	0.6928435688758292	0.0024806037849009043	8.922453636592933E-4	7.946108400065892E-4	5.948613294779044E-4	8.053536199771887E-4	0.006047639588977926	4.77215686607451E-4	6.664162685744106E-4	0.250887264339989	0.011756988232768807	4.884039183307411E-4
58	58	0.07047785136199987	0.003839829502229921	5.112773550657997E-4	7.426384692179098E-4	4.492760719686284E-4	9.413656509639277E-4	6.578370104477398E-4	0.014450636616762281	0.5343705106831005	0.002737642071068658	9.846991527376126E-4	8.769478136614819E-4	6.565004100788316E-4	8.888037523594557E-4	0.1102935343413296	5.266644147616924E-4	7.354698177914691E-4	0.25385751430240755	0.0014619892394613326	5.390119625857265E-4
59	59	0.0013222397078171797	0.014517368318368468	4.834471192402768E-4	7.022146101780743E-4	4.2482073689508034E-4	8.901245236094777E-4	0.011508580449407778	0.013664048631026684	0.3528715322469493	0.1114541378748944	9.31099263428309E-4	8.292131267658832E-4	6.207652830464696E-4	8.404237140383962E-4	0.14783615851485365	4.97996618860889E-4	6.954361682099092E-4	0.2944721066184186	0.04492861441837164	5.096720556195591E-4
60	60	0.24618661520811788	0.003711630714038239	4.942075509739202E-4	0.03410442777925611	4.342762788901991E-4	9.099366680810249E-4	6.358740801879291E-4	0.002839318074050374	0.46088539923812255	0.024903963869734917	9.518234122806398E-4	8.476695222807165E-4	0.056278887889805014	8.591296316917201E-4	0.05096690426523415	5.090808893168984E-4	7.109149933291673E-4	0.08957802301203328	0.02367090072787043	5.210161947048398E-4
61	61	0.13053972810837697	0.06820757960668515	4.782407270218401E-4	6.946522428857653E-4	4.202457104014344E-4	0.043957781166332	6.15330303642946E-4	0.0027475855787799527	0.17676237840944267	0.5087183483387477	9.210719661981109E-4	0.05466683641080673	6.140800688617048E-4	8.3137292996953E-4	0.006243026317595386	4.926335385609803E-4	6.879468000649975E-4	5.294569951251473E-4	0.0013675215415869773	5.041832389140169E-4
62	62	0.19948011285917205	0.0034793064065119033	4.632733239722845E-4	0.15715689788567974	4.07093365626043E-4	8.529804613374013E-4	5.960724359147364E-4	0.002661594950113005	0.07733989047869887	0.48236482761995164	0.011324511099203873	7.946108400065892E-4	5.948613294779044E-4	8.053536199771887E-4	0.016479905324522506	4.77215686607451E-4	0.02153094773966357	5.128866869190819E-4	0.02218925396831339	4.884039183307411E-4
63	63	0.27537879780461666	0.003515986107912126	4.6815726496644014E-4	0.12718694872625133	4.113850437217772E-4	8.619727905451774E-4	6.023563777145547E-4	0.00268965413680486	0.394422583750825	0.09738696207231795	9.016516330966452E-4	8.02987822351769E-4	6.011325034966546E-4	8.138438553433709E-4	0.006111395288644015	4.822466114077222E-4	6.734417923092016E-4	5.182936641525706E-4	0.08567664996130848	4.935527922136337E-4
64	64	0.001622522099633638	0.00445538035455679	5.9323860139286E-4	0.2813986214207728	5.212980898394098E-4	0.0010922729838196109	7.632927688969385E-4	0.01676717220276895	0.3394968143827462	0.016535406331178823	0.0011425531414111152	0.06781203637104341	7.617419023748524E-4	0.001031285054458536	0.2214866509487215	0.04068779701753946	8.53370644622274E-4	6.567703450136417E-4	0.0016963560835934783	6.25419255615623E-4
65	65	0.25792401128284986	0.06715770993852264	0.002236438498530958	0.003248462398330322	0.001965231383443717	0.004117738370672487	0.0028775223493606463	0.012848772216991324	0.1215487748496229	0.21342088041654259	0.0043072885447269504	0.0038359607212071537	0.0028716757682583165	0.00388782117909299	0.28100210147045873	0.002303744848679518	0.0032171051557812603	0.0024759455652975416	0.0063950593296832545	0.002357755711946811
66	66	0.013869718447135079	0.04122755589381509	5.492169873499299E-4	7.977463869909368E-4	4.8261486312700956E-4	0.001011220234368831	7.066521868524658E-4	0.003155357937540785	0.1782606946848357	0.38633628311838686	0.0010577693237420601	9.420222341360728E-4	7.052164032789725E-4	9.547579496325447E-4	0.21741870226123214	5.657458527233319E-4	0.14920120425841515	6.080343211353064E-4	0.0015704769978158557	5.790096574858223E-4
67	67	0.004886306433788147	0.09387960083379968	0.0017865677117198861	0.0025950179436659165	0.0015699152639455183	0.0032894347075431915	0.0022986943403527343	0.09072617755231345	0.21779163118146758	0.0497972029839126	0.003440855916281565	0.12375733821269053	0.0022940238282737144	0.003105766508701569	0.023322123383113832	0.3236883355101956	0.002569968367250772	0.001977896734402597	0.045339661225544704	0.001883481361036406
68	68	0.0014658634909270171	0.040232399718722334	5.359599153606317E-4	7.784902796141941E-4	4.709654419857374E-4	9.868112671430572E-4	6.895949232785529E-4	0.0030791934919874478	0.06533622176676551	0.49770150567684873	0.001032236748465059	9.192835773554067E-4	6.881937968380932E-4	0.013000777741739276	0.12768715992850915	0.24193340711011893	7.709755524828299E-4	5.933575085950581E-4	0.001532568617162807	5.650334461001796E-4
69	69	0.0015209321830069573	0.05426629608928484	5.56094540261836E-4	8.077361417020677E-4	4.886583929771041E-4	0.013546352597612901	7.155012172308642E-4	0.015717340199538226	0.14292555061081375	0.3285618204534558	0.05116089276297439	9.538186787266238E-4	7.140474541015229E-4	9.667138768305448E-4	0.23266379069366788	5.728303878459083E-4	0.15106957177151534	6.156484123090714E-4	0.001590143247946841	5.862602881975161E-4
70	70	0.02360939206625305	0.15951568691334364	4.942075509739202E-4	7.178443079763826E-4	4.342762788901991E-4	9.099366680810249E-4	6.358740801879291E-4	0.0362259015453301	0.28282362072463063	0.29199663163997275	0.034338406883560366	8.476695222807165E-4	6.345821043388054E-4	8.591296316917201E-4	0.11774007120779359	0.045024525517689866	7.109149933291673E-4	5.47133755287346E-4	0.001413178413683944	5.210161947048398E-4
71	71	0.05575499631199196	0.22136184341423265	4.834471192402768E-4	7.022146101780743E-4	4.2482073689508034E-4	0.07709598376945417	0.03328168309107769	0.0027774973101917263	0.3964177375302891	0.16588689447906918	9.31099263428309E-4	8.292131267658832E-4	0.02239386792471638	0.011726975034873355	0.006310991343999211	4.97996618860889E-4	6.954361682099092E-4	5.352209558747523E-4	0.0013824091350318113	5.096720556195591E-4
72	72	0.0015802999564981323	0.14746339953076498	0.1306904914647285	0.02686180324595726	5.077325904416295E-4	0.001063849268496232	7.434299537464144E-4	0.0033195787817594047	0.16151574803122473	0.09417272735259485	0.0011128210087717665	9.91049853070204E-4	7.41919444707468E-4	0.0010044483998498325	0.22873427518228198	5.951901387239934E-4	8.311637745198475E-4	6.396795136957922E-4	0.19682124824895125	6.091442592157176E-4
73	73	0.11950256681615581	0.007782117828813481	0.0010361972108437426	0.0015050928871469967	9.105402538565629E-4	0.0019078499218636233	0.024666935612704048	0.029286862030645705	0.35965475982073297	0.05221574994133271	0.0019956732006165146	0.048444712204857666	0.0013305183323714987	0.0018013236065653523	0.29353117508196297	0.001067381905769099	0.0014905643019476132	0.0011471667522480419	0.002962988986708464	0.04775982330285703
74	74	0.0013516697520665655	0.003711630714038239	4.942075509739202E-4	7.178443079763826E-4	4.342762788901991E-4	9.099366680810249E-4	6.358740801879291E-4	0.002839318074050374	0.26056589841044414	0.30312549279706597	9.518234122806398E-4	8.476695222807165E-4	0.25659838871748336	0.011987990788784963	0.06209576542232739	5.090808893168984E-4	0.0897418042500751	5.47133755287346E-4	0.001413178413683944	5.210161947048398E-4
75	75	0.0013824397112762567	0.003796123783072138	5.0545789238412E-4	7.341856073518934E-4	4.4416232048191017E-4	0.03507726005316664	6.503493760062814E-4	0.0029039534638623417	0.4372305724353824	0.05961749703508848	9.734911070159305E-4	8.669662155624875E-4	0.33073291708876545	0.012260890279961044	0.1090381509358836	5.206698134418668E-4	7.270985509717437E-4	5.595889303082394E-4	0.0014453485810481165	5.328768189691215E-4
76	76	0.0013080000976267094	0.003591715601310005	4.782407270218401E-4	6.946522428857653E-4	4.202457104014344E-4	0.03318847049876948	6.15330303642946E-4	0.0027475855787799527	0.532149630439006	0.0025607469633090922	9.210719661981109E-4	8.202830729941205E-4	0.3667706427659875	8.3137292996953E-4	0.04932026898784548	4.926335385609803E-4	6.879468000649975E-4	5.294569951251473E-4	0.0013675215415869773	5.041832389140169E-4
77	77	0.012480530909159808	0.01484049187113148	4.942075509739202E-4	7.178443079763826E-4	4.342762788901991E-4	9.099366680810249E-4	6.358740801879291E-4	0.0362259015453301	0.5165297050235887	0.01377510271264168	9.518234122806398E-4	8.476695222807165E-4	0.2899849721887631	0.06763229657425117	0.03983804310814091	5.090808893168984E-4	7.109149933291673E-4	5.47133755287346E-4	0.001413178413683944	5.210161947048398E-4
78	78	0.0012804215820222114	0.003515986107912126	4.6815726496644014E-4	6.800058542846599E-4	4.113850437217772E-4	0.06411544422652853	6.023563777145547E-4	0.04485863509412709	0.5209295266227917	0.002506754918342941	9.016516330966452E-4	8.02987822351769E-4	0.3063262444440828	8.138438553433709E-4	0.04828037624596625	4.822466114077222E-4	6.734417923092016E-4	5.182936641525706E-4	0.001338688046664023	4.935527922136337E-4
79	79	0.04299612682600335	0.0034793064065119033	4.632733239722845E-4	6.729118525110363E-4	4.07093365626043E-4	0.05301430913906031	5.960724359147364E-4	0.06525518936338048	0.2755529394540459	0.0024806037849009043	8.922453636592933E-4	0.05295593951772949	0.3135628333958153	8.053536199771887E-4	0.16253162562214662	4.77215686607451E-4	6.664162685744106E-4	5.128866869190819E-4	0.02218925396831339	4.884039183307411E-4
80	80	0.0016902622403141743	0.004641392053301061	6.180062556051207E-4	8.976638904154341E-4	5.430622346545652E-4	0.015054509691851382	7.951601681497373E-4	0.003550565603374223	0.2284210637871633	0.0172257579457034	0.0011902546245229036	0.0010600102455393923	0.20954306080262267	0.0010743411057052522	0.4394832134464982	6.366053565690334E-4	8.889987864715625E-4	6.841904433753676E-4	0.0017671787859608928	0.07023470253220228
81	81	0.0013367927709231559	0.0036707791228417766	4.887681184457241E-4	7.099434459371597E-4	4.294964722827036E-4	8.999215659216094E-4	6.288754130311953E-4	0.0028080674809352964	0.41178723168209574	0.013623488797340858	9.413472890007445E-4	8.383397555388532E-4	0.40786338987975557	8.49673730713777E-4	0.03939957075555328	5.034777552826726E-4	7.03090397909942E-4	5.411117972255575E-4	0.1114613520730139	5.152816962504768E-4
82	82	0.03127627323679339	0.03719034727835681	0.0012384866086588135	0.029687903485691912	0.0010882985393561387	0.00228030586729226	0.0015935036434672949	0.0071153453756514695	0.40197861374000443	0.2018543689225622	0.0023852742589514113	0.0021242640867061165	0.05736823002362564	0.002152983178535698	0.21139026457499613	0.0012757592693608394	0.0017815565492632587	0.001371119942892869	0.003541432213134334	0.0013056692046989153
83	83	0.01090311990966098	0.042131668049846006	4.3174478936419637E-4	6.271161558191279E-4	3.7938821490246787E-4	7.949300133541107E-4	5.55506123433102E-4	0.06081418145349322	0.2859667674906962	0.3328695533431801	8.31522703036768E-4	7.405327956368069E-4	0.15611097487898382	7.505444648514796E-4	0.05424749805995183	4.4473829040920647E-4	6.2106263541681E-4	4.7798166471771E-4	0.049846003867539075	4.551650957070196E-4
84	84	0.0013668815874717257	0.07127804107931902	0.011753875961702647	7.259230043019996E-4	4.3916367040335757E-4	9.201771922939887E-4	6.430302748363909E-4	0.0366335917010568	0.2634983347934861	0.10396298155660855	9.625353343757034E-4	8.572092854005099E-4	0.03440404339783565	8.687983681038571E-4	0.17533566324540475	5.14810139885953E-4	0.04573534189158578	0.214381315636452	0.0014290824741204661	0.034289199405354645
85	85	0.0015021219074032334	0.028859959354083243	5.492169873499299E-4	7.977463869909368E-4	0.07468819410151807	0.001011220234368831	7.066521868524658E-4	0.027890551017004474	0.42561262547947265	0.015308386926431541	0.0010577693237420601	9.420222341360728E-4	0.02544040948274266	9.547579496325447E-4	0.3781974572777461	5.657458527233319E-4	0.013157642321364883	6.080343211353064E-4	0.0015704769978158557	5.790096574858223E-4
86	86	0.0013080000976267094	0.003591715601310005	4.782407270218401E-4	6.946522428857653E-4	4.202457104014344E-4	8.805384960819111E-4	0.01138464097120547	0.2612110416002805	0.38137928109313063	0.0025607469633090922	9.210719661981109E-4	8.202830729941205E-4	0.2375389147552372	0.05467792626778214	0.006243026317595386	4.926335385609803E-4	0.032995878802752565	5.294569951251473E-4	0.0013675215415869773	5.041832389140169E-4
87	87	0.0012286122552275865	0.16522455866900576	4.492143534500492E-4	6.524909747937573E-4	3.9473929011385895E-4	0.05140548218772195	5.779834064541417E-4	0.31616682378454464	0.4088102095280686	0.0024053248217388605	8.651683647966573E-4	7.704967591859772E-4	5.768090535034563E-4	7.809135276659117E-4	0.04632682139667652	4.6273360675611074E-4	6.461925125526066E-4	4.973220980694254E-4	0.001284521100824093	4.7358230885001285E-4
88	88	0.0014146432241815212	0.0038845533328318786	5.17232380361923E-4	7.512882379319922E-4	4.545089467419924E-4	9.523300643275321E-4	6.654990670577733E-4	0.4455708254520214	0.2960002012953825	0.014416876374609717	9.961682864778874E-4	8.871619300544562E-4	0.22196375953625191	8.991559589967097E-4	0.0067520292197208185	5.327986584973067E-4	7.440360907274565E-4	5.726243843622812E-4	0.0014790175369546411	5.452900225082082E-4
89	89	0.0015021219074032334	0.0164923628143514	5.492169873499299E-4	7.977463869909368E-4	4.8261486312700956E-4	0.001011220234368831	7.066521868524658E-4	0.39891844720895975	0.45034781855893635	0.015308386926431541	0.0010577693237420601	0.05041240839306345	0.013072812943010817	9.547579496325447E-4	0.044272350704986294	5.657458527233319E-4	7.90045781633039E-4	6.080343211353064E-4	0.0015704769978158557	5.790096574858223E-4
90	90	0.1782004261100322	0.003930331269009164	5.233277609290814E-4	7.601418749038712E-4	4.5986515626551886E-4	9.635529003061322E-4	6.733417123267482E-4	0.19156033864761776	0.4998267742620145	0.002802166145405036	0.0010079077386961884	8.976167851518746E-4	6.719736093364882E-4	9.097521590170531E-4	0.11289306635607682	5.390774815418734E-4	7.528042639913022E-4	5.793725379528987E-4	0.0014964471780512245	5.517160513742591E-4
91	91	0.0013668815874717257	0.1388026803570835	4.997694154085638E-4	7.259230043019996E-4	4.3916367040335757E-4	9.201771922939887E-4	6.430302748363909E-4	0.20544518989546806	0.4548181460804856	0.08145476846402039	9.625353343757034E-4	8.572092854005099E-4	0.045658149944129735	0.012122904914397941	0.05154049123616986	5.14810139885953E-4	7.189157064094516E-4	5.532912568644237E-4	0.0014290824741204661	5.268797664723928E-4
92	92	0.0012670638838250291	0.013911572142056483	4.632733239722845E-4	6.729118525110363E-4	4.07093365626043E-4	8.529804613374013E-4	5.960724359147364E-4	0.06525518936338048	0.348578799602858	0.0024806037849009043	0.011324511099203873	7.946108400065892E-4	0.1675111130981912	0.021669885091066352	0.32944787739085996	4.77215686607451E-4	6.664162685744106E-4	5.128866869190819E-4	0.032621519703857974	4.884039183307411E-4
93	93	0.0012539820102663384	0.0034433841084628674	4.5849023203454857E-4	6.659643355917478E-4	4.0289030688237096E-4	8.441738157643588E-4	5.899182519481652E-4	0.21944981659422177	0.37595354947712517	0.002454992649205583	8.830333253558395E-4	7.864068349283679E-4	0.351623664827606	7.970387004525546E-4	0.005985200388049311	4.722886459490302E-4	0.03163320744903224	5.075913589771659E-4	0.0013110453240127821	4.8336136413380196E-4
