0	0	0.04323697331812405	4.16953517047599E-4	0.03241897187006186	4.235627757546193E-4	0.008474318568601312	0.05028845123600271	4.493634186242469E-4	0.0025083191201517364	8.299795851889179E-4	0.016583171232285625	0.04911073104563704	0.12867524965903757	6.885666579622007E-4	0.008270025578636167	4.978927962583566E-4	0.13796641508879146	3.948911125962128E-4	0.5128429730960012	4.137576568247334E-4	0.005509432666412259
1	1	0.07641473096930705	3.500480215999149E-4	4.7314880293616244E-4	3.555967406778028E-4	4.2855969563407006E-4	0.0021033495742533797	3.7725734221552305E-4	0.0021058274115724014	6.967988034276057E-4	0.11421139045358007	0.0011146095690006696	0.12808550910216931	0.06075159736894403	0.013628941445577004	4.179995639158762E-4	0.2829766154970834	3.3152581057593823E-4	0.250030234744675	3.473649778010632E-4	0.06479889410505377
2	2	0.010167051596448835	3.724602669166293E-4	5.034427237366496E-4	3.7836424940265983E-4	4.559987452464835E-4	0.06626422099043068	4.0141169698839415E-4	0.0022406555426588417	7.414121843215613E-4	0.23534827099116734	0.001185973786340404	0.0011199114724053866	0.01484313435184175	2.735059289958701E-4	4.4476248840247625E-4	0.6425676103913729	3.527521490694117E-4	0.009933913317030144	3.69605438013721E-4	0.012035541689209943
3	3	0.0493410526606628	3.477231630772101E-4	4.7000636544434034E-4	3.532350301061152E-4	4.257133985565182E-4	0.015372463434678154	0.15313021023099843	0.0020918414710641158	6.921709851375463E-4	0.013829725662400571	0.0011072068430999895	0.034253240445957664	0.00721577972627633	2.55340918745845E-4	4.1522340239319395E-4	0.3740787979229321	0.05346165734518261	0.2616527318655974	3.4505793882555664E-4	0.03116082118886356
4	4	0.01715900449035535	0.02862491174985475	0.007563657134025415	0.021567003413756156	4.5277767470969634E-4	0.0022222102055655	3.985762168390087E-4	0.002224828065880049	7.361750187209359E-4	0.12772926557733613	0.001177596339559233	0.0011120006746560965	0.05712090954082428	2.7157394585181776E-4	4.416207882065974E-4	0.3907966886902172	3.50260388804717E-4	0.18645800778722305	3.6699462998182874E-4	0.1532259376676323
5	5	0.0031891555023957976	3.890672664964135E-4	5.258898780888517E-4	0.00782645201777973	4.7633050045189327E-4	0.05435632898044966	4.193095628155131E-4	0.009771777861219123	0.03793055738627356	0.21611694606345486	0.001238853161459895	0.008601062833102635	0.037798602291055895	2.8570082131419515E-4	4.645932491951624E-4	0.5746121406800794	3.6848041678467646E-4	0.025239274793754565	3.860851484660409E-4	0.020003391585362327
6	6	0.010313796759561998	3.77836136420522E-4	0.09432783507297564	0.03646733531694009	4.625803593571039E-4	0.02392042728212972	4.0720543417869896E-4	0.0383565058127852	7.521132859034943E-4	0.09441110773165157	0.0012030914251242226	0.022786181597204927	6.239673130823568E-4	2.774535505636543E-4	4.511819250786936E-4	0.4209075844110148	3.5784356334646626E-4	0.010077293501170134	3.7494010261872606E-4	0.2431437194188921
7	7	0.0033907337425057504	4.136591983748747E-4	0.016360981000383582	4.2021623782127917E-4	5.064381148092534E-4	0.09729667889457615	4.4581303173389224E-4	0.002488501077667821	8.234219783246601E-4	0.055956776302760795	0.08822733828951984	0.009144713686022625	6.831263440998733E-4	3.0375922853680294E-4	4.939589823710365E-4	0.3343994900766699	0.05569824956651116	0.12164568976114516	4.1048858840551976E-4	0.21088996589775996
8	8	0.03445006098889102	4.0722430065706275E-4	0.1172207082598937	4.136793385564569E-4	4.985599448519502E-4	0.12689520180124889	4.3887794780067947E-4	0.04133988189492729	0.03192268642102309	0.07064234744333048	0.024630723316594518	0.0012244397769552889	6.724996055433628E-4	2.9903393879550144E-4	4.8627493825733215E-4	0.33697557770523134	3.856767015694087E-4	0.0030830888382242833	4.041030128131096E-4	0.20760935382483534
9	9	0.010239898463871832	3.751289426312177E-4	0.10798196540104664	3.810752271185066E-4	4.5926597368777775E-4	0.0022540544527782126	4.042878095363788E-4	0.002256709827001579	7.467243984462473E-4	0.05790968083884483	0.02985444875198092	0.0011279356317973094	6.194965907985956E-4	2.75465597436613E-4	4.4794920912677097E-4	0.19577695854586155	3.5527961623063007E-4	0.16763496583577164	3.722536588952998E-4	0.42052645522713755
10	10	0.0030749040963364963	0.0362001007803079	0.09365197666597597	3.810752271185066E-4	4.5926597368777775E-4	0.016584043187848885	0.007569282177071715	0.002256709827001579	0.015076713133516918	0.13672461888173354	0.008359465649374913	0.008292929999332645	6.194965907985956E-4	2.75465597436613E-4	4.4794920912677097E-4	0.2530969134861442	3.5527961623063007E-4	0.16763496583577164	3.722536588952998E-4	0.24856659040628945
11	11	0.003261874601516261	0.03840125922896212	0.1297491707574748	4.0424662547552503E-4	4.8719178484220906E-4	0.0023911129386805065	4.288706562264907E-4	0.0023939297737639287	7.921292090138E-4	0.023427576638443772	0.04687108602606792	0.0011965201106233837	6.571652747347075E-4	2.922153692339618E-4	4.751869008730254E-4	0.17727858137183078	3.768825044006566E-4	0.27663669553672476	3.948886590377736E-4	0.29408341603207366
12	12	0.003286856896702403	4.009865392904818E-4	5.420007808975775E-4	4.0734270051192797E-4	4.909231266220352E-4	0.0024094261777086873	0.0923386749962443	0.017730017865345782	7.981960289080869E-4	0.07721914203354163	0.03191231261313412	0.04715894394683095	6.621984225055853E-4	2.944534106990558E-4	4.7882629872746145E-4	0.2552251025511683	3.7976900100940205E-4	0.10260125915601201	3.9791306256363435E-4	0.3652656543915766
13	13	0.003053029159604013	3.724602669166293E-4	0.06452964465534006	3.7836424940265983E-4	4.559987452464835E-4	0.0022380190588272785	4.0141169698839415E-4	0.0022406555426588417	0.014969457058011205	0.043269665196357124	0.12212435521270239	0.0011199114724053866	0.01484313435184175	2.735059289958701E-4	4.4476248840247625E-4	0.12324397250170083	3.527521490694117E-4	0.25892469860659895	3.69605438013721E-4	0.3463945962209166
14	14	0.003261874601516261	3.9793877530042957E-4	0.06134319394088377	4.0424662547552503E-4	4.8719178484220906E-4	0.017592441120145182	0.09923750383574688	0.025195922045960942	7.921292090138E-4	0.015826912547711434	0.00886776557240623	0.01639784829208806	0.008257829365467047	2.922153692339618E-4	4.751869008730254E-4	0.33689252727720986	3.768825044006566E-4	0.04861677281475462	3.948886590377736E-4	0.35488872875793237
15	15	0.0031196080444716107	3.805826882668445E-4	0.05866771248735546	3.8661542175709034E-4	4.659429306349626E-4	0.002286824623877459	4.10165476189692E-4	0.009558679970841215	0.02256506462290462	0.15325068825311314	0.07390345057136342	0.015682656660143825	6.285030321695428E-4	2.794704051948407E-4	4.5446163929843935E-4	0.2131615498896004	3.604447859529508E-4	0.010150546973783372	3.776656027280159E-4	0.4339093659203532
16	16	0.018748200328993818	4.0408134849084776E-4	0.08544404924683516	4.104865664867731E-4	4.94712065302198E-4	0.08732588740999317	4.35490693173393E-4	0.0024308824151268228	0.03167630751810283	0.07009713067074277	0.024440623695627828	0.0012149895657493956	6.673092618221976E-4	2.967259985173975E-4	4.8252187423805345E-4	0.14142511043499129	3.827000535091127E-4	0.003059293596321736	4.0098415070825567E-4	0.530162513105267
17	17	0.01094573353608303	4.009865392904818E-4	0.11542515037160699	0.008066219339892556	0.031126429684144544	0.0024094261777086873	4.3215532367677965E-4	0.04070664778348766	7.981960289080869E-4	0.05424251211539975	0.07020669581003726	0.0012056841105471863	6.621984225055853E-4	2.944534106990558E-4	4.7882629872746145E-4	0.2016129660755039	3.7976900100940205E-4	0.010694739483444488	3.9791306256363435E-4	0.44951329742476354
18	18	0.010542032888958884	3.861973499806926E-4	0.06690962761584016	3.9231908320424685E-4	4.7281689525323773E-4	0.0023205616987834183	4.162165669683925E-4	0.00232329542143643	7.687569554700328E-4	0.17026436934116038	0.13400494870834423	0.0011612160578533528	6.377752140647046E-4	0.007659995256442995	4.611662226787337E-4	0.2531882897999799	3.657623571458561E-4	0.03242950163894019	3.832372292513632E-4	0.3149119136982429
19	19	0.0031196080444716107	3.805826882668445E-4	0.007783582910984837	3.8661542175709034E-4	4.659429306349626E-4	0.07497843830440691	4.10165476189692E-4	0.0022895186027882698	7.575805187457833E-4	0.2114039791975367	0.0012118368908339712	0.001144333924037932	6.285030321695428E-4	2.794704051948407E-4	4.5446163929843935E-4	0.4966588432436653	3.604447859529508E-4	0.07557299928625988	0.014915988338833909	0.10679710435797062
20	20	0.00995459985626695	3.6467729944524496E-4	0.25821150555508404	3.7045791171511576E-4	4.4647014926864765E-4	0.1484639623548037	3.930237575011651E-4	0.03702067009385873	7.259195602056193E-4	0.05629623209533858	0.0011611915579502062	0.0010965096888199382	6.022365061020151E-4	2.677907213947273E-4	4.3546868638599627E-4	0.47590237623395837	3.4538100442518935E-4	0.002760966154670243	3.6188212533631414E-4	0.004818678687469312
21	21	0.010313796759561998	3.77836136420522E-4	0.13041134505644478	3.838253334709433E-4	4.625803593571039E-4	0.02392042728212972	4.0720543417869896E-4	0.00227299582931606	7.521132859034943E-4	0.06554429974487626	0.008419793421818051	0.0155694796005111	6.239673130823568E-4	2.774535505636543E-4	0.0076678839217725215	0.5868917303349729	3.5784356334646626E-4	0.1255445254482714	3.7494010261872606E-4	0.019425957521383395
22	22	0.08372296652552039	4.203007278465955E-4	0.177179251006365	4.2696304422362697E-4	5.145692616043023E-4	0.002525480226781368	4.529708089591301E-4	0.01055623461827135	8.366424780940133E-4	0.008688518004572333	0.0013383055586904521	0.009291537171865016	6.94094319102176E-4	0.06453087037976706	5.018897697247976E-4	0.45215737038512094	3.980612112821987E-4	0.1797932341145074	4.170792119632961E-4	0.005553661175738525
23	23	0.051514012889957994	7.865073628393617E-4	0.0761748810786625	7.989745334553808E-4	9.629117584833507E-4	0.0197482796079609	8.476427776439396E-4	0.004731490143839885	0.01658796311079684	0.0012364382178107864	0.0025043667686035203	0.017387222799277978	0.0012988564052120444	5.775499994033518E-4	9.391846672375506E-4	0.3353604612972935	7.448906289985623E-4	0.3064017711313934	0.030825192564443174	0.1305714022566859
24	24	0.06263889571142411	3.890672664964135E-4	5.258898780888517E-4	3.9523449165118895E-4	4.7633050045189327E-4	0.00976902382367842	4.193095628155131E-4	0.0023405603350905822	7.744697556308549E-4	6.116378057271821E-4	0.016101288213716976	0.3801619391395296	0.015504949712670272	0.05973544103034252	4.645932491951624E-4	0.2847946571610662	3.6848041678467646E-4	0.12927632015955415	3.860851484660409E-4	0.034865826637619404
25	25	0.018604610175463658	4.009865392904818E-4	0.023518630699039457	0.023383972618653808	4.909231266220352E-4	0.033044932735231194	0.008091031963057407	0.002412264586584527	7.981960289080869E-4	0.023607005557877248	0.001276806055611607	0.01652343738930844	0.008321075061886214	0.26835513578902104	4.7882629872746145E-4	0.46967364845382586	3.7976900100940205E-4	0.04898912268034762	3.9791306256363435E-4	0.051251712176970894
26	26	0.02916756720285158	4.453255546245091E-4	6.019324209416423E-4	4.5238454724364245E-4	5.452068641201526E-4	0.02819311473800862	4.799408218061955E-4	0.002679000314630551	8.864564129796763E-4	7.000793140928135E-4	0.001417988658345638	0.0013390024168427955	7.354208954135201E-4	0.2554996794323783	5.317724316305228E-4	0.3429868618574623	4.217618908179698E-4	0.07992335290506165	4.4191222875469144E-4	0.2525512390919932
27	27	0.02820785086519119	4.306727655393422E-4	5.821267109032443E-4	4.374994922825836E-4	5.27267625949835E-4	0.019039575281601842	4.641490677461405E-4	0.0025908517092749117	8.572888551835894E-4	0.00890293028194156	0.0013713318058022966	0.0753279190183371	7.112229414505929E-4	0.13193042960899082	5.142752339038878E-4	0.2083130875987061	4.07884429787179E-4	0.1431006797956307	4.2737175018826753E-4	0.3758555851615888
28	28	0.0030749040963364963	3.751289426312177E-4	5.070498880165994E-4	3.810752271185066E-4	4.5926597368777775E-4	0.009419048820313549	4.042878095363788E-4	0.002256709827001579	7.467243984462473E-4	5.897258985621475E-4	0.0011944712818395774	0.0011279356317973094	6.194965907985956E-4	0.20806030225596134	0.007612943576662107	0.5325316938200224	3.5527961623063007E-4	0.1389749883656303	3.722536588952998E-4	0.09093671432051206
29	29	0.010313796759561998	3.77836136420522E-4	5.107091159558721E-4	3.838253334709433E-4	4.625803593571039E-4	0.11052085124245566	0.04370741741434167	0.009489697826009889	0.03683562326937264	5.93981774631803E-4	0.0012030914251242226	0.0011360756071234432	0.02227407330316384	0.12296138749435873	4.511819250786936E-4	0.43534098840440244	3.5784356334646626E-4	0.18327814142182203	3.7494010261872606E-4	0.019425957521383395
30	30	0.003261874601516261	3.9793877530042957E-4	0.046141865759419094	4.0424662547552503E-4	4.8719178484220906E-4	0.0023911129386805065	4.288706562264907E-4	0.0023939297737639287	0.05399677784414017	6.255843662467569E-4	0.03166975784460324	0.0011965201106233837	6.571652747347075E-4	0.18270815354681008	4.751869008730254E-4	0.2988892068235482	3.768825044006566E-4	0.3070393518996541	3.948886590377736E-4	0.06606349331010351
31	31	0.016702104721778268	6.118657236790127E-4	8.270394827349713E-4	6.215645958467973E-4	7.49100043789139E-4	0.050423292806144514	6.594262000193465E-4	0.09717437115496716	0.01290465484837611	9.618907599212165E-4	0.013634966321841408	0.09533324891317355	0.0010104491729882323	0.1640629219897345	7.306414831426132E-4	0.4595683360960955	5.79489862788492E-4	0.004632425864868559	6.071759027563189E-4	0.07820503405535424
32	32	0.0108625386922486	3.9793877530042957E-4	5.378812150250603E-4	4.0424662547552503E-4	4.8719178484220906E-4	0.0023911129386805065	4.288706562264907E-4	0.0023939297737639287	7.921292090138E-4	6.255843662467569E-4	0.0012671014816738903	0.5104410141896901	6.571652747347075E-4	0.015493543550698638	0.008075850991605363	0.12407393273670443	3.768825044006566E-4	0.19302939053866905	3.948886590377736E-4	0.12686880603596223
33	33	0.003142451028085971	3.8336946275519576E-4	5.181883375767797E-4	3.894463702667619E-4	0.01511413273654094	0.016948347633855707	0.0809594478152093	0.002306283348609768	7.631278179992702E-4	6.026805058516998E-4	0.001220710431947463	0.0011527131821702091	0.07385699512844718	0.11743974072036056	4.5778938420480567E-4	0.5735194624444222	0.02233025108866443	0.04683681820353576	3.8043101718131944E-4	0.041677613342314714
34	34	0.10802898777548245	3.9198015630383316E-4	5.298271388085846E-4	3.9819355457272116E-4	4.7989671734858564E-4	0.009842163078441954	4.2244887227908665E-4	0.002358083768519282	7.802680975927653E-4	6.162170486590766E-4	0.07611666793956832	0.09850770533297422	0.030594740940008105	2.8783982164149515E-4	4.68071591005727E-4	0.6388090095970742	3.712391758546732E-4	0.0029676756587360058	3.8897571159125614E-4	0.027640008023537714
35	35	0.1788797869143053	3.8336946275519576E-4	5.181883375767797E-4	3.894463702667619E-4	4.693547460226628E-4	0.30252151844896213	4.131688673587786E-4	0.002306283348609768	7.631278179992702E-4	6.026805058516998E-4	0.001220710431947463	0.0011527131821702091	6.331051758557882E-4	2.8151679621434006E-4	4.5778938420480567E-4	0.47832840550605343	3.630841028870112E-4	0.0029024842319809252	3.8043101718131944E-4	0.027032835351796434
36	36	0.08175405597904627	4.104165279658416E-4	5.547469973539802E-4	4.169221668441764E-4	5.024681513819921E-4	0.08869498096410444	4.423183077397342E-4	0.00246899374206619	8.169671814925076E-4	6.452001651532152E-4	0.0013068326661465957	0.0012340381483875562	0.08690666370506415	0.14140320196023082	4.90086842740869E-4	0.4180070281272428	3.8870001745974997E-4	0.03446321800753371	4.0727077237701683E-4	0.13868588956966835
37	37	0.01046484002334511	0.06628487042008745	5.181883375767797E-4	3.894463702667619E-4	4.693547460226628E-4	0.016948347633855707	0.044347502838913616	0.002306283348609768	7.631278179992702E-4	6.026805058516998E-4	0.001220710431947463	0.3379826069640906	6.331051758557882E-4	2.8151679621434006E-4	4.5778938420480567E-4	0.25133434665302007	3.630841028870112E-4	0.1786398201182003	3.8043101718131944E-4	0.08561194731386955
38	38	0.03679101652461505	0.1358860348960809	4.795614474572529E-4	3.6041618749173206E-4	4.343680184431183E-4	0.015684980795416418	3.8237035785370466E-4	0.15121873484531873	7.062426041967799E-4	0.007334317516532135	0.0011297160109940809	0.001066787424683586	0.014139036396710786	2.6053191954763713E-4	4.23664763947514E-4	0.6256399393058083	3.360190210830706E-4	0.002686126719909796	3.5207285850982035E-4	0.0046880623853996885
39	39	0.015818173131882274	0.13057686160255907	4.6082460793294235E-4	3.463344461365779E-4	4.173969214143337E-4	0.002048563236103147	3.67430849951338E-4	0.11926331474501486	6.786491552024345E-4	5.359634474150738E-4	0.014109170260637358	0.0010251072085427117	5.630200899703413E-4	2.5035273439126613E-4	4.0711185141403296E-4	0.6272428855201964	3.2289049603475417E-4	0.028628363924780954	3.383170975208142E-4	0.0565992686728995
40	40	0.044166168222259855	0.1377530186757994	4.861503029232742E-4	0.007235035656296167	4.4033594623998093E-4	0.009030814413856324	3.876238723631534E-4	0.11894804177885324	7.159459080542358E-4	5.654185732081306E-4	0.0011452375579273414	0.001081444374677123	5.939621768870473E-4	2.64111454915391E-4	4.294856361433446E-4	0.6479751513139262	3.406356990405865E-4	0.0027230323152505915	3.569101055206676E-4	0.025361476015858007
41	41	0.08905483650676052	0.10068505008812592	5.070498880165994E-4	3.810752271185066E-4	4.5926597368777775E-4	0.0022540544527782126	4.042878095363788E-4	0.05957666476728426	7.467243984462473E-4	5.897258985621475E-4	0.0011944712818395774	0.044117901837009324	6.194965907985956E-4	2.75465597436613E-4	4.4794920912677097E-4	0.3892318064693156	0.0075202739837659655	0.024335078485064925	3.722536588952998E-4	0.2772265678764308
42	42	0.009750845206965515	0.1913955356874183	4.8283339797781634E-4	3.628752340613339E-4	4.373316233608964E-4	0.002146401757269105	0.03449896539788173	0.1249592806485126	7.110611542881146E-4	5.615608369268807E-4	0.03525141003888236	0.0010740658989813665	5.899096933853708E-4	0.020730701198772766	4.2655534273005057E-4	0.5207437979027766	3.3831161073301315E-4	0.0027044536178831608	3.5447498023746435E-4	0.05247962877095568
43	43	0.0068591019787092936	0.08075054541945412	0.0011310619067250362	8.500537780933777E-4	0.0010244716746219313	0.005028055793866818	9.018334320289507E-4	0.005033979062371812	0.033631199428218364	0.0013154849553008907	0.034629975792496895	0.002516054251296883	0.0013818936001330515	6.144733511184741E-4	9.992276865946395E-4	0.628507162410618	7.925122352875866E-4	0.16616283249429173	8.303757542723396E-4	0.02703970499449979
44	44	0.07641473096930705	3.500480215999149E-4	4.7314880293616244E-4	0.027099383402811594	4.2855969563407006E-4	0.0021033495742533797	3.7725734221552305E-4	0.015477720742639298	6.967988034276057E-4	5.502971395114443E-4	0.0011146095690006696	0.37546553572690683	5.780773791430035E-4	2.57048114510108E-4	4.179995639158762E-4	0.36989392214901823	3.3152581057593823E-4	0.07619562144080536	3.473649778010632E-4	0.05142700077398687
45	45	0.10120933235307579	3.672352276188684E-4	0.02153905144379213	3.730563863965926E-4	0.021492273030663086	0.002206623125971633	0.007410004260697777	0.009223446370651959	7.310113224229522E-4	5.773164903570665E-4	0.0011693364153503596	0.06423221457273151	0.09179136943381308	2.6966906543185963E-4	4.38523161186956E-4	0.6195249369148885	3.4780358406806127E-4	0.051879898415402276	3.6442044753332676E-4	0.004852477977946309
46	46	0.2989818766273151	3.77836136420522E-4	5.107091159558721E-4	3.838253334709433E-4	4.625803593571039E-4	0.11052085124245566	0.04370741741434167	0.00227299582931606	7.521132859034943E-4	5.93981774631803E-4	0.0012030914251242226	0.0155694796005111	0.051140881289939155	2.774535505636543E-4	4.511819250786936E-4	0.46420779639117776	3.5784356334646626E-4	0.002860591504476307	3.7494010261872606E-4	0.004992553527995741
47	47	0.12747791017019927	3.621547586033713E-4	4.895130951680307E-4	3.67895385300891E-4	4.4338183204155167E-4	0.050596400405896504	0.15948559144096144	0.0021786594148217025	0.007638084600282665	5.693296788509583E-4	0.0011531593795430933	0.008006111287913828	0.028266816167788148	2.659383630691045E-4	4.324564683279028E-4	0.569451079861338	3.429919396520454E-4	0.030410613481074298	3.5937891923466326E-4	0.011702533349932563
48	48	0.09970826570048594	5.536343612242905E-4	7.483299979252438E-4	5.624101901184489E-4	0.09584797400699714	0.003326648134306829	0.13806468596612154	0.0033305670705575303	0.0011020538229991994	8.703474566846312E-4	0.0017628614323478798	0.0016646647380288086	0.011488747439597905	4.0654613052881354E-4	6.611062119502475E-4	0.4687034557000448	0.021673265480538263	0.04648940865491264	5.493908713370321E-4	0.10248563663329274
49	49	0.0108625386922486	0.06120325150115913	0.038541201668686756	4.0424662547552503E-4	4.8719178484220906E-4	0.032793769301609856	4.288706562264907E-4	0.009994593864496268	7.921292090138E-4	6.255843662467569E-4	0.0012671014816738903	0.3432264041935786	6.571652747347075E-4	0.03069487173216331	4.751869008730254E-4	0.26088588636988647	3.768825044006566E-4	0.13222407781281037	3.948886590377736E-4	0.07366415740083586
50	50	0.009491802627843054	3.477231630772101E-4	0.28605629826731915	0.03356094339078924	0.013708796742829765	0.002089380090404905	0.020299376788265953	0.0020918414710641158	6.921709851375463E-4	5.466423181273215E-4	0.014390290187373238	0.001045532085274544	5.742380541397057E-4	2.55340918745845E-4	4.1522340239319395E-4	0.500268089693528	3.2932396808960925E-4	0.02919877334081553	3.4505793882555664E-4	0.08429315456595655
51	51	0.003010199900343154	3.672352276188684E-4	0.12675240764314855	3.730563863965926E-4	4.496017907918065E-4	0.009220846872595393	3.9578051407401706E-4	0.0022092226240281983	7.310113224229522E-4	0.014605763983604587	0.0011693364153503596	0.06423221457273151	0.11283404067368437	2.6966906543185963E-4	4.38523161186956E-4	0.5844538181817697	3.4780358406806127E-4	0.0027803321890359552	3.6442044753332676E-4	0.07499471544418392
52	52	0.0264661880844981	4.0408134849084776E-4	0.12403398802435658	4.104865664867731E-4	4.94712065302198E-4	0.01014600985495032	4.35490693173393E-4	0.017866857926135394	0.008522344251589976	6.352408712042116E-4	0.12477446451718353	0.008932977321253682	0.07784718681686505	2.967259985173975E-4	4.8252187423805345E-4	0.21088700023452986	3.827000535091127E-4	0.18829099972842459	4.0098415070825567E-4	0.1982890396185828
53	53	0.03705602758781358	0.0013575123323902258	0.053692105881554875	0.0013790306787667436	0.0016619864592566894	0.008156946505014579	0.001463032106856669	0.0340951555124081	0.02863083749254113	0.028062693114598653	0.004322539029939003	0.004081760579621524	0.002241827186097824	9.968517572824683E-4	0.0016210334809379089	0.7603326207093697	0.0012856818167562285	0.010277704726832414	0.0013471072884518624	0.01793754575350997
54	54	0.018748200328993818	4.0408134849084776E-4	0.008264171691792305	4.104865664867731E-4	4.94712065302198E-4	0.05645393638797602	4.35490693173393E-4	0.0024308824151268228	8.043564960856916E-4	6.352408712042116E-4	0.001286660429114971	0.3253704752969293	0.016103284772830767	0.046604652531543105	4.8252187423805345E-4	0.3806827308556241	3.827000535091127E-4	0.09567514666237315	4.0098415070825567E-4	0.0439292845084971
55	55	0.038623141343828125	3.724602669166293E-4	5.034427237366496E-4	3.7836424940265983E-4	0.007570021182091306	0.09472031073780997	4.0141169698839415E-4	0.05915283503741742	7.414121843215613E-4	5.855305752881879E-4	0.01541401866003005	0.0011199114724053866	0.07175531384660033	2.735059289958701E-4	4.4476248840247625E-4	0.5714273860229246	3.527521490694117E-4	0.05261804793809908	0.035939717622237834	0.04760565387343405
56	56	0.015921852999590848	3.4316487543596696E-4	4.6384507268503453E-4	0.046229950450230456	4.201327403507809E-4	0.008616468493410257	3.6983916737190156E-4	0.002064419613283321	6.830973461563004E-4	5.394764080370956E-4	0.0076471705119781404	0.027249738229804914	0.13821074828052424	2.519936658797355E-4	4.0978025708548967E-4	0.6641265251839197	3.250068746856974E-4	0.0025980959275272724	3.405345894917301E-4	0.08318815931255126
57	57	0.0031656310097548514	0.029891804866796823	5.220107030038626E-4	3.9231908320424685E-4	0.007849218774457269	0.00969696357798745	4.162165669683925E-4	0.00232329542143643	7.687569554700328E-4	6.071261194676239E-4	0.0012297148826716443	0.03066682357466948	0.11866020528132921	2.83593377238963E-4	4.611662226787337E-4	0.5925027762433654	0.007742164236349888	0.09144071667257245	3.832372292513632E-4	0.10099625920132596
58	58	0.01715900449035535	3.6982929302822404E-4	4.998865198187825E-4	0.007439462185342895	4.5277767470969634E-4	0.009285980819772131	3.985762168390087E-4	0.030479910522706575	0.007799945632927567	5.813945216167477E-4	0.001177596339559233	0.0011120006746560965	0.2478427161244033	0.00733534456005845	4.416207882065974E-4	0.5532634128169698	3.50260388804717E-4	0.038118824888883754	3.6699462998182874E-4	0.07552446091135932
59	59	0.0029892327529829955	3.6467729944524496E-4	0.007458289836861695	3.7045791171511576E-4	4.4647014926864765E-4	0.0021912531858406443	3.930237575011651E-4	0.05791677140371059	7.259195602056193E-4	5.7329526906695E-4	0.0011611915579502062	0.0010965096888199382	0.2792169206374602	2.677907213947273E-4	4.3546868638599627E-4	0.5176945788536621	3.4538100442518935E-4	0.009726333257954196	3.6188212533631414E-4	0.1162645523400126
60	60	0.003053029159604013	3.724602669166293E-4	5.034427237366496E-4	3.7836424940265983E-4	4.559987452464835E-4	0.0022380190588272785	4.0141169698839415E-4	0.04492479016372778	7.414121843215613E-4	5.855305752881879E-4	0.001185973786340404	0.0366900236566295	0.19269369527296232	2.735059289958701E-4	4.4476248840247625E-4	0.4931731392176316	3.527521490694117E-4	0.0881881601223232	0.007483627874858544	0.12585990067872713
61	61	0.010780598980699411	3.9493699188808396E-4	5.338237996403556E-4	4.011972598691375E-4	4.8351673654547974E-4	0.002373075985254801	4.256355434357592E-4	0.01746253112199635	0.03095947301711398	6.208653770700813E-4	0.03143086241728742	0.0011874943648465476	0.26466875018489716	2.900110923385104E-4	4.7160240937498606E-4	0.5531077993198533	3.7403955538353945E-4	0.0029900618148950534	3.9190988365824924E-4	0.08065181414395184
62	62	0.023885334062834856	3.6467729944524496E-4	4.929227335777408E-4	3.7045791171511576E-4	4.4647014926864765E-4	0.0021912531858406443	3.930237575011651E-4	0.0021938345774389616	7.259195602056193E-4	5.7329526906695E-4	0.0011611915579502062	0.3841917003694374	6.022365061020151E-4	2.677907213947273E-4	4.3546868638599627E-4	0.4201794394076867	0.042137583624128915	0.09331073849736164	3.6188212533631414E-4	0.025714779997321174
63	63	0.031509118906983304	3.724602669166293E-4	5.034427237366496E-4	3.7836424940265983E-4	0.007570021182091306	0.1374044453588789	4.0141169698839415E-4	0.016468700416348486	7.414121843215613E-4	5.855305752881879E-4	0.001185973786340404	0.24299667432512934	6.150894781521055E-4	0.007387528365840693	4.4476248840247625E-4	0.21572626418068352	0.12840515601227623	0.18778447423815073	3.69605438013721E-4	0.019149564126054765
64	64	0.0029892327529829955	3.6467729944524496E-4	4.929227335777408E-4	3.7045791171511576E-4	4.4647014926864765E-4	0.09274102552853204	3.930237575011651E-4	0.030055302990574777	7.259195602056193E-4	5.7329526906695E-4	0.0011611915579502062	0.04288871230852366	6.022365061020151E-4	2.677907213947273E-4	4.3546868638599627E-4	0.32266429996171136	0.13268735596682033	0.3370985871123	3.6188212533631414E-4	0.03268014710060513
65	65	0.0028886308804421845	3.524041771329369E-4	4.7633354360370134E-4	3.5799024435836414E-4	4.3144430927503084E-4	0.008848456548341328	3.7979664230975476E-4	0.029043799367240015	7.014889209394697E-4	0.007284950596192078	0.1155482523354799	0.0010596069324707222	5.819683887512205E-4	2.58778292371099E-4	0.0071517625323048745	0.44642410321418485	0.12149084711433493	0.022860894840165492	3.497030739019447E-4	0.23350878804620023
66	66	0.20366410120884396	0.0016585371550659218	0.0022417920431542873	0.0016848271386848506	0.0020305276262501826	0.009965728139376424	0.001787455664585926	0.009977468200751499	0.003301451897394299	0.0026073229839572603	0.005281050797346009	0.10002147798532031	0.0027389465234790356	0.0012179010371380355	0.0019804934316932066	0.16865761722792758	0.15996177446357207	0.297660551868081	0.0016458248197448247	0.021915149787633294
67	67	0.047076784999640804	3.8336946275519576E-4	5.181883375767797E-4	3.894463702667619E-4	4.693547460226628E-4	0.002303569643337427	4.131688673587786E-4	0.002306283348609768	0.10327657375162722	6.026805058516998E-4	0.001220710431947463	0.17689004906838957	6.331051758557882E-4	2.8151679621434006E-4	4.5778938420480567E-4	0.18543284569568785	3.630841028870112E-4	0.25186371007079167	0.015025209007699599	0.21009256023327494
68	68	0.16670498817329688	0.001607610935594747	0.002172956688305773	0.0016330936720129836	0.0019681792518282722	0.009659725432795049	0.001732570937287743	0.009671105009667039	0.0032000791525108444	0.002527263817294836	0.005118893470256539	0.0048337556777295326	0.0026548457896797013	0.0011805047718074601	0.40109123512369993	0.28630091660068707	0.0015225468667922919	0.0735822056245819	0.0015952889389384039	0.021242234065233137
69	69	0.0030749040963364963	3.751289426312177E-4	5.070498880165994E-4	3.810752271185066E-4	4.5926597368777775E-4	0.0022540544527782126	4.042878095363788E-4	0.002256709827001579	7.467243984462473E-4	5.897258985621475E-4	0.0011944712818395774	0.3092226934358167	6.194965907985956E-4	2.75465597436613E-4	4.4794920912677097E-4	0.2029419529133969	3.5527961623063007E-4	0.4040797799644377	3.722536588952998E-4	0.06944173121790606
70	70	0.0032130322439188233	3.9198015630383316E-4	5.298271388085846E-4	3.9819355457272116E-4	4.7989671734858564E-4	0.0023553091119016944	0.060317280604601155	0.002358083768519282	7.802680975927653E-4	0.008103071015199335	0.008734982240705992	0.001178603767950852	6.473250738470674E-4	0.045208963620883044	0.007954925557545987	0.3243611430023833	3.712391758546732E-4	0.45217891365115154	3.8897571159125614E-4	0.08004798578931953
71	71	0.08779671063242166	3.6982929302822404E-4	0.014627427748232044	0.014503232799549525	4.5277767470969634E-4	0.016349751433978765	3.985762168390087E-4	0.05873499297953309	7.361750187209359E-4	5.813945216167477E-4	0.008241366953765865	0.2059613484866484	0.02180205646979112	2.7157394585181776E-4	4.416207882065974E-4	0.30603144131973764	3.50260388804717E-4	0.17233046655880976	3.6699462998182874E-4	0.08965200213977259
72	72	0.10672635108732512	3.621547586033713E-4	0.03507544489995829	0.041871013551049205	4.4338183204155167E-4	0.16127138218122533	0.021141864221800404	0.0021786594148217025	7.208982393246123E-4	5.693296788509583E-4	0.0011531593795430933	0.03567485673174604	5.980707239559353E-4	2.659383630691045E-4	4.324564683279028E-4	0.5210307753346317	3.429919396520454E-4	0.02349342712011625	3.5937891923466326E-4	0.046288465154722826
73	73	0.034184175840002384	0.015840056859499414	5.461839362880187E-4	4.104865664867731E-4	4.94712065302198E-4	0.041017960876967456	4.35490693173393E-4	0.033302833437143964	0.11657417282864996	6.352408712042116E-4	0.1402104400281921	0.0012149895657493956	6.673092618221976E-4	2.967259985173975E-4	4.8252187423805345E-4	0.24175895125654698	3.827000535091127E-4	0.36580471810502313	4.0098415070825567E-4	0.005339345730975679
74	74	0.1285570264453137	7.985027561535245E-4	0.0010793108370916113	0.01606262989785093	9.775975781152757E-4	0.0505524095553744	8.605705758924415E-4	0.004803652323012054	0.0015894841012909651	0.0012552957179844143	0.2313146094688875	0.01765240350320092	0.0013186658744875662	5.863584857936472E-4	9.535086138532246E-4	0.21846344262717005	7.562513059521954E-4	0.20431455970033943	7.923824019847689E-4	0.11731133823025137
75	75	0.010313796759561998	3.77836136420522E-4	0.17371155703660776	3.838253334709433E-4	4.625803593571039E-4	0.0022703212920482337	4.0720543417869896E-4	0.00227299582931606	0.007968815282597321	5.93981774631803E-4	0.0012030914251242226	0.21763713550793828	6.239673130823568E-4	2.774535505636543E-4	4.511819250786936E-4	0.4281242864077086	3.5784356334646626E-4	0.06781090947472077	3.7494010261872606E-4	0.08437627549162785
76	76	0.0033907337425057504	4.136591983748747E-4	0.21388411835457602	4.2021623782127917E-4	0.03211014009148004	0.17630593383625312	4.4581303173389224E-4	0.002488501077667821	8.234219783246601E-4	0.008551223337754613	0.0013171578536751646	0.009144713686022625	6.831263440998733E-4	3.0375922853680294E-4	4.939589823710365E-4	0.24748930964082524	3.917711073372811E-4	0.12954661525531289	4.1048858840551976E-4	0.17138533842692147
77	77	0.003312224817985247	4.0408134849084776E-4	0.24752179211242512	4.104865664867731E-4	4.94712065302198E-4	0.09504387516549745	4.35490693173393E-4	0.010148870170631109	0.008522344251589976	6.352408712042116E-4	0.001286660429114971	0.0012149895657493956	6.673092618221976E-4	2.967259985173975E-4	0.008200509629742338	0.5504784614767184	3.827000535091127E-4	0.003059293596321736	4.0098415070825567E-4	0.06708324777500996
78	78	0.01805159055465288	3.890672664964135E-4	0.18630632803130237	3.9523449165118895E-4	0.007907548026580434	0.09151241661109236	4.193095628155131E-4	0.0023405603350905822	7.744697556308549E-4	0.015474072857984264	0.001238853161459895	0.030894715411488256	6.425146604131926E-4	2.8570082131419515E-4	4.645932491951624E-4	0.5448872705755652	3.6848041678467646E-4	0.010376839741497482	3.860851484660409E-4	0.0868843493205192
79	79	0.003053029159604013	3.724602669166293E-4	0.12855584658694347	3.7836424940265983E-4	4.559987452464835E-4	0.09472031073780997	4.0141169698839415E-4	0.13029305940586564	7.414121843215613E-4	0.014813575448977835	0.001185973786340404	0.0011199114724053866	6.150894781521055E-4	2.735059289958701E-4	4.4476248840247625E-4	0.45048900459656266	3.527521490694117E-4	0.02416195819071979	3.69605438013721E-4	0.14720196798926158
80	80	0.0029481626822587268	3.5966687579562935E-4	0.0966614965629259	0.014104703246296353	4.4033594623998093E-4	0.0777274903138582	3.876238723631534E-4	0.00903336033885024	7.159459080542358E-4	5.654185732081306E-4	0.0011452375579273414	0.00795111196467731	5.939621768870473E-4	2.64111454915391E-4	4.294856361433446E-4	0.41440645325391984	3.406356990405865E-4	0.1126377137552536	0.09653225636552329	0.16275482781586176
81	81	0.0035301926896090328	4.306727655393422E-4	0.06638921517912233	4.374994922825836E-4	5.27267625949835E-4	0.09307254980834831	4.641490677461405E-4	0.03549439594338446	8.572888551835894E-4	0.01712881634046895	0.026048989981384454	0.001294944491590629	7.112229414505929E-4	3.1625267255265256E-4	0.01696604735095866	0.17540954336459655	4.07884429787179E-4	0.011486502859192522	4.2737175018826753E-4	0.5485991923906638
82	82	0.0031196080444716107	3.805826882668445E-4	0.03686022838319662	3.8661542175709034E-4	0.022273427034793798	0.14767005198493638	4.10165476189692E-4	0.11132693912358245	7.575805187457833E-4	5.982995240012839E-4	0.0012118368908339712	0.001144333924037932	6.285030321695428E-4	2.794704051948407E-4	0.007723623007351385	0.4966588432436653	0.014898767522058843	0.1119188061265246	0.03672347244299275	0.005028845205229384
83	83	0.11365469749594724	9.255462181403857E-4	0.0012510314532665316	9.402173365046319E-4	0.001133135401618864	0.18234147835452577	9.974891580800053E-4	0.07627996604205034	0.0018423743530088367	0.0014550158975342525	0.0029470889924661293	0.0027829272542750205	0.001528468378746703	6.79649349759402E-4	0.0011052138326576495	0.46535756190077654	8.765724736624539E-4	0.06004132792852373	9.184521027964902E-4	0.08294178607565905
84	84	0.039754396004381666	3.8336946275519576E-4	0.08106446728542731	3.894463702667619E-4	4.693547460226628E-4	0.0901722375864471	4.131688673587786E-4	0.016951061339128045	7.631278179992702E-4	0.029892236486888255	0.001220710431947463	0.3233378289735723	6.331051758557882E-4	2.8151679621434006E-4	4.5778938420480567E-4	0.30259106961983406	3.630841028870112E-4	0.08344876317983145	3.8043101718131944E-4	0.027032835351796434
85	85	0.03267123852657098	3.861973499806926E-4	0.19968486144151273	3.9231908320424685E-4	4.7281689525323773E-4	0.10559018800763986	4.162165669683925E-4	0.00232329542143643	0.015521560713878096	0.015359929877875688	0.0012297148826716443	0.12656004800432188	6.377752140647046E-4	2.83593377238963E-4	4.611662226787337E-4	0.3121995048336122	3.657623571458561E-4	0.0029238941221240693	0.04464164850447556	0.13787826859734612
86	86	0.0108625386922486	0.015599266956765105	0.06134319394088377	4.0424662547552503E-4	4.8719178484220906E-4	0.017592441120145182	4.288706562264907E-4	0.0023939297737639287	7.921292090138E-4	6.255843662467569E-4	0.06967307829826494	0.01639784829208806	6.571652747347075E-4	0.023094207641430976	4.751869008730254E-4	0.2988892068235482	3.768825044006566E-4	0.05621743690548696	0.015596216840502452	0.40809337739305873
87	87	0.0030749040963364963	3.751289426312177E-4	0.17246691470886466	3.810752271185066E-4	4.5926597368777775E-4	0.023749037555384222	4.042878095363788E-4	0.1670515802803143	7.467243984462473E-4	0.007754720266097483	0.008359465649374913	0.0011279356317973094	0.0794344346336873	2.75465597436613E-4	0.07209789288448012	0.3820668121017803	3.5527961623063007E-4	0.0028400953824589147	3.722536588952998E-4	0.07660672558544139
88	88	0.010095233876148718	0.014497370521441486	0.1629666106465713	3.7569157113626295E-4	4.5277767470969634E-4	0.009285980819772131	3.985762168390087E-4	0.18588286403525248	7.361750187209359E-4	5.813945216167477E-4	0.001177596339559233	0.029367083131482622	6.107446271712269E-4	2.7157394585181776E-4	0.014569162016619858	0.5461996422027632	3.50260388804717E-4	0.0027999718178506002	3.6699462998182874E-4	0.019014295997706272
89	89	0.0031891555023957976	3.890672664964135E-4	0.05997563008711718	3.9523449165118895E-4	4.7633050045189327E-4	0.0023378062975498806	4.193095628155131E-4	0.32188291395861784	7.744697556308549E-4	6.116378057271821E-4	0.001238853161459895	0.0011698453069740945	6.425146604131926E-4	2.8570082131419515E-4	0.03762068087983786	0.515162400471051	0.044955785573555916	0.002945622215368942	3.860851484660409E-4	0.005140956533105249
90	90	0.017404892831407167	3.751289426312177E-4	0.01483703862308727	0.0075460695946538425	4.5926597368777775E-4	0.023749037555384222	4.042878095363788E-4	0.2960214788959504	0.022241707501052255	0.02924970336870349	0.022689454384445584	0.0011279356317973094	6.194965907985956E-4	2.75465597436613E-4	4.4794920912677097E-4	0.4465517614095983	0.0075202739837659655	0.01000508974999425	3.722536588952998E-4	0.09810170868804739
91	91	0.09519337656926992	4.009865392904818E-4	0.18435504012603263	4.0734270051192797E-4	4.909231266220352E-4	0.02538605609585057	4.3215532367677965E-4	0.09431878425915205	7.981960289080869E-4	6.303756397353659E-4	0.008935682694992234	0.01652343738930844	6.621984225055853E-4	2.944534106990558E-4	4.7882629872746145E-4	0.4313792652569227	3.7976900100940205E-4	0.003035862844063861	3.9791306256363435E-4	0.1354993552101578
92	92	0.0652232329215768	3.621547586033713E-4	0.09041293578762272	3.67895385300891E-4	4.4338183204155167E-4	0.02984484132302235	3.903051389262456E-4	0.175108318438773	7.208982393246123E-4	5.693296788509583E-4	0.07724220935008166	0.021840484009829932	5.980707239559353E-4	2.659383630691045E-4	4.324564683279028E-4	0.4864448435298414	3.429919396520454E-4	0.002741868037242091	3.5937891923466326E-4	0.046288465154722826
93	93	0.0029685556729543323	3.621547586033713E-4	4.895130951680307E-4	3.67895385300891E-4	4.4338183204155167E-4	0.0367620276839804	3.903051389262456E-4	0.07826770938536028	0.021472457322198768	0.021320888761725117	0.22250312293020075	0.0010889249269557745	5.980707239559353E-4	2.659383630691045E-4	4.324564683279028E-4	0.3896042344764286	3.429919396520454E-4	0.002741868037242091	3.5937891923466326E-4	0.21921812417867415
