0	0	0.057234076672530186	6.793581290889209E-4	8.713384830342207E-4	0.0021625265968725016	0.22606656759665664	0.04125931744674591	0.050440454596599585	0.17479932239498988	0.4455444273752437	9.426107082384778E-4
1	1	0.04795978756179375	5.692739962575503E-4	0.007481870004441152	0.0018121077898424843	0.38523443574333155	0.23037360855149547	0.015260115755532126	0.018191834000691617	0.2450650269158607	0.04805193968075369
2	2	0.15889073171114038	6.061042351289888E-4	7.773837129264469E-4	0.05943766364935249	0.6976994842068864	0.029621864007618168	0.0018703177520840305	0.019368788500914218	0.016509611889392112	0.015218050334556851
3	3	6.930374458076948E-4	5.654561918801587E-4	7.252489068113806E-4	0.0017999549897886478	0.5503119912569948	0.10140617806238002	0.12916732863583355	0.07842783065340238	0.10929262489423087	0.02761034896287055
4	4	0.2077173258596138	6.017783276862451E-4	0.007909068829487676	0.009052808766648648	0.41436773414579536	8.615119054030285E-4	0.0018569688575950914	0.16197521864761566	0.18768538258965983	0.007972202070494764
5	5	0.10595226600063463	6.334246237321009E-4	0.02335012274646132	0.0020163114817977434	0.6239726402408009	9.068170610576673E-4	0.16723107619964636	0.07282980667933259	0.0022286570851569485	8.788778813797874E-4
6	6	0.21226222095297198	6.149453533903934E-4	7.887232498280655E-4	0.0019574884370829743	0.42343417997053107	8.80361951808797E-4	0.031071189809140667	0.3259740132600922	0.0021636391568469887	8.532378583069977E-4
7	7	0.1766708030299933	6.739280560101449E-4	8.643739212859557E-4	0.034117027040933084	0.33616087856111126	9.648021820097355E-4	0.10598791120458004	0.34125403415537403	0.0023711653772845614	9.350764714178543E-4
8	8	0.22896127707730224	6.633242261052768E-4	8.507735466557857E-4	0.017845852456824553	0.4488793369071075	9.496216324857328E-4	0.06498434665771406	0.23361124726257806	0.0023338565961575452	9.203636370692425E-4
9	9	0.2179659064781241	6.104927868077223E-4	7.830124289139823E-4	0.0019433150677699654	0.3117594315702987	0.008114576647369951	0.00912444898894704	0.4322226049139376	0.01662915120420487	8.470599136261868E-4
10	10	0.22520649551278005	0.007851081821463672	7.830124289139823E-4	0.023665082171737812	0.3769247328822022	8.739876127140019E-4	0.01636503802360299	0.2512078790475389	0.0962756305854203	8.470599136261868E-4
11	11	0.10839524532107378	6.480297220017801E-4	8.311569564750312E-4	0.0020628022973275067	0.24638471597122796	9.277258666095184E-4	0.0019996915096296445	0.443426796444707	0.19442469342768226	8.991424832655963E-4
12	12	0.078253541388297	6.530489162035379E-4	0.008582909336623768	0.01756940896623888	0.37996339489399533	9.349113955018095E-4	0.002015179749890343	0.462351906193147	0.048769592535246785	9.061066248556148E-4
13	13	0.11575949307671225	6.061042351289888E-4	7.773837129264469E-4	0.02349496478732905	0.18012462059374892	0.03681040378002286	0.05937863593132153	0.5728863509760752	0.009321072116987423	8.409707897474752E-4
14	14	0.13145260324888353	0.04676274557762126	0.008516942932411611	0.048177518152946984	0.4385293653696425	9.277258666095184E-4	0.025057049437439385	0.2820252909500388	0.017651615981140924	8.991424832655963E-4
15	15	0.23586265363461936	0.007966445334938354	7.945179853389465E-4	0.0019718700693741186	0.2502175755256536	8.86829955212636E-4	0.01660550530282409	0.4826555602357913	0.0021795353747632814	8.59506581484408E-4
16	16	0.1803394194665928	6.581464677862273E-4	8.441326014958466E-4	0.0020950058301858012	0.14875611358734125	9.422091016086048E-4	0.06447709360065237	0.5986590608154678	0.0023156390414073207	9.131794874620945E-4
17	17	0.24865046716135103	6.530489162035379E-4	8.375945287576783E-4	0.01756940896623888	0.21731178392880743	9.349113955018095E-4	0.017505809365622526	0.4700972210010131	0.0022977036880502356	0.024142051048453888
18	18	0.20955390318303804	6.287014624686119E-4	8.063667087099704E-4	0.002001276757966131	0.2986883838127867	9.000553358967111E-4	0.0019400483248000933	0.47494035269182566	0.009668587236448286	8.723244860598954E-4
19	19	0.1991277436890578	6.194633458260409E-4	7.945179853389465E-4	0.024012816036711054	0.5073619451445845	8.86829955212636E-4	0.0827283432048349	0.1667353347039619	0.016873499352987906	8.59506581484408E-4
20	20	0.3596033168739649	0.00763009625631626	7.609728618764877E-4	0.022998977591897063	0.464830395897349	8.493873536771608E-4	0.1073826411772488	0.004886332176528377	0.03023466221861038	8.232175925317031E-4
21	21	0.1757952333088291	0.007908342882218965	7.887232498280655E-4	0.0748914637253687	0.5838889256047597	0.00817375948063737	0.09671176756859781	0.04882490716460645	0.0021636391568469887	8.532378583069977E-4
22	22	0.2526460935296744	6.848764169249398E-4	0.00900121269235276	0.0346712783768922	0.5365691274787485	9.80475965592156E-4	0.002113393120056016	0.09499121667851868	0.06739205839803628	9.502673432041172E-4
23	23	0.12445554264341725	0.0012949615456549664	0.0016609057586340575	0.0041221097746509	0.3080493971164608	0.15543938614533642	0.12686440006172134	0.25640175952077005	0.01991477580288918	0.0017967616304649416
24	24	7.763412792127195E-4	6.334246237321009E-4	8.12424591870909E-4	0.0020163114817977434	0.3159574321280653	9.068170610576673E-4	0.0019546230659833142	0.02024184431862163	0.6107465072590981	0.04595427419056061
25	25	0.11698011542762746	6.530489162035379E-4	0.008582909336623768	0.009824094158372789	0.519379061435585	0.01642554101123399	0.009760494557756433	0.1293033694549051	0.08749616657457723	0.10159519912711479
26	26	0.026727506063629888	7.26165901868791E-4	9.313737015469061E-4	0.002311524672029978	0.3363800486497428	0.009652085981609987	0.0453033021723059	0.35048048702165113	0.028392459046998327	0.1990950467886163
27	27	8.603676761572458E-4	7.019826024114326E-4	9.003564242646042E-4	0.010560224529153154	0.2086181593762703	0.0010049653527545491	0.0021661794240141474	0.4969964520057396	0.2022861911634417	0.0759051214457932
28	28	7.482354384456275E-4	6.104927868077223E-4	7.830124289139823E-4	0.0019433150677699654	0.6448265271644723	8.739876127140019E-4	0.02360562705825894	0.1208772764237318	0.00214797313489297	0.20358355288399277
29	29	0.037220680261086235	6.149453533903934E-4	7.887232498280655E-4	0.01654428349474012	0.5255417453741311	0.022760554538294515	0.0018975996938263783	0.09258529233757788	0.14803158973341843	0.154014585963707
30	30	0.23905360691199565	6.480297220017801E-4	8.311569564750312E-4	0.0020628022973275067	0.40010043548995955	0.016299297818482678	0.0019996915096296445	0.1436811433831804	0.17136733549987251	0.023956500411075336
31	31	0.0012286130927573037	0.0010024377253021089	0.0012857173992639268	0.0031909506191990216	0.4881350650833658	0.0014350999280638222	0.003093324488307304	0.10336899398094325	0.12241849033405454	0.2748413073487429
32	32	7.942416579616609E-4	6.480297220017801E-4	8.311569564750312E-4	0.0020628022973275067	0.12341214035624269	0.02398508379441926	0.0019996915096296445	0.12062378545537063	0.6863149958876235	0.039328072362948496
33	33	0.04517300718790281	6.240482168354687E-4	0.06001127565965256	0.016789183879170905	0.6147361484025265	8.933937026552304E-4	0.009327048974539285	0.012540850334136386	0.1502228598023302	0.08968218384025073
34	34	7.822177416636464E-4	0.008207651197007679	0.03866573372808471	0.0020315738142659755	0.6892512139237414	0.016052544968488874	0.04738600990449008	0.11879767839421841	0.07793984584038025	8.855304876589691E-4
35	35	7.648493171831079E-4	6.240482168354687E-4	8.003984986929562E-4	0.016789183879170905	0.5851307098220467	8.933937026552304E-4	0.2905787154890974	0.04214628891461619	0.002195666899931166	0.06007674525977092
36	36	8.194336237770056E-4	6.68584099174457E-4	8.575198114383952E-4	0.002128230803169739	0.5713822414826369	9.571517196648945E-4	0.1527248676358337	0.11652019665282465	0.034070626093909887	0.11987114807757031
37	37	0.06737708612326267	6.240482168354687E-4	8.003984986929562E-4	0.0019864645889310036	0.3038790433074886	0.008294753347775182	0.016728408619659237	0.04214628891461619	0.5350935613485677	0.023069947034171173
38	38	7.07267189963835E-4	5.770663826290618E-4	7.4014003059679E-4	0.19347294345506943	0.6437409623146003	0.01451442196578712	0.029157288543261762	0.004752561133026046	0.008874508800668306	0.10346284018439734
39	39	0.03355025054485487	5.543039657771133E-4	7.109451642652893E-4	0.08722874735574625	0.6709419732893496	7.935471314913741E-4	0.008284648679554783	0.10975191704453953	0.0019502769775212206	0.08623338984690006
40	40	0.007656211583280151	5.850750584900019E-4	7.504118845380136E-4	0.12676672321515167	0.7498227677617871	8.375993372534858E-4	0.029561940902082303	0.004818518400282374	0.002058542761993794	0.07714220909514113
41	41	7.482354384456275E-4	6.104927868077223E-4	7.830124289139823E-4	0.04538684927570566	0.3914059109515141	8.739876127140019E-4	0.0018838599542910926	0.42498201587928164	0.08179445251610841	0.05153118315621783
42	42	0.1454296317856709	5.810431254292077E-4	7.452405643072549E-4	0.13967575269718316	0.5516988531849465	8.318271813385036E-4	0.0017929841258828363	0.06680709418594051	0.0020443567075744476	0.09039321644172678
43	43	0.034418725915395035	0.001379723775426903	0.0017696210143227258	0.004391924130943145	0.6227622077946193	0.05106677864179178	0.004257554593071207	0.15863768484901705	0.0375821562144625	0.08373362307095027
44	44	6.977166436523648E-4	5.692739962575503E-4	7.301455875638126E-4	0.022067281040474503	0.3582275380758222	8.149783776659073E-4	0.0017566669217774465	0.05870218050195565	0.5556443500922184	7.898687626123074E-4
45	45	7.323279806071597E-4	0.0076841681113609525	0.11415283567266991	0.037335272154545414	0.6027709214530023	8.554066682863057E-4	0.0018438091611093137	0.012007614302538543	0.2147019386660961	0.007915705829784047
46	46	7.536926169433688E-4	6.149453533903934E-4	0.03725571089397093	0.0019574884370829743	0.7808106588831311	8.80361951808797E-4	0.14047215274156927	0.019651317049292162	0.016750434214504135	8.532378583069977E-4
47	47	7.220935261098909E-4	5.891633387566103E-4	7.556554751762865E-4	0.0018754193633805905	0.7131365415019425	8.434521603949396E-4	0.09964467570800813	0.004852188360066689	0.1348376449267777	0.04274316563938675
48	48	0.0011098559135382018	9.055425535824897E-4	0.1407807794327355	0.0028825147928209457	0.6127913394327982	0.044256180407027265	0.002794325159058488	0.12559724176982537	0.06762577850719607	0.0012564420314174918
49	49	0.11608103129701036	6.480297220017801E-4	8.311569564750312E-4	0.0020628022973275067	0.3693572915862133	9.277258666095184E-4	0.0558001933411857	0.02070856776819509	0.4326840586817163	8.991424832655963E-4
50	50	0.24212503414625408	5.654561918801587E-4	7.252489068113806E-4	0.0017999549897886478	0.42959599290677164	8.095127705273637E-4	0.06880932946072194	0.1924373846508354	0.0019895152495880424	0.06114257072682143
51	51	0.22750526809886665	5.975137326653431E-4	7.663656135401732E-4	0.0019020002610673737	0.645290847725176	8.554066682863057E-4	0.01601711791850053	0.06870084933210341	0.0021023073052278407	0.036262323344566486
52	52	0.15692210053592023	6.581464677862273E-4	8.441326014958466E-4	0.025512324760858338	0.26584270824070394	0.016553755055390296	0.1035059584851066	0.3800974174625241	0.04915027690275239	9.131794874620945E-4
53	53	0.08362471195717576	0.002272019478073714	0.0029140712691609373	0.00723227166875291	0.7560484270787952	0.08409271321046141	0.007011002591027301	0.045658421035561336	0.007993930323689375	0.0031524313873020028
54	54	0.03202973290566672	6.581464677862273E-4	8.441326014958466E-4	0.0020950058301858012	0.4297639407554117	9.422091016086048E-4	0.002030909785525615	0.005420314571763582	0.47066201765485804	0.05555359032569801
55	55	7.428567182372384E-4	0.007794644007533677	7.773837129264469E-4	0.02349496478732905	0.6689453251172677	8.677049179994183E-4	0.09532133479334497	0.07687710668015171	0.12433770847546242	8.409707897474752E-4
56	56	6.838648427818032E-4	5.579721732199487E-4	7.156499733664646E-4	0.0017761319298866506	0.6356759612746674	7.98798574154059E-4	0.10098702351752444	0.1568019951767656	0.028433911766756952	0.07356869077087676
57	57	7.705524530132885E-4	6.287014624686119E-4	8.063667087099704E-4	0.002001276757966131	0.66405924759033	9.000553358967111E-4	0.05413588600730628	0.07228674771249219	0.0693209731593125	0.1350901928125044
58	58	7.375547763928117E-4	6.017783276862451E-4	7.718353438593662E-4	0.08042514362293175	0.7355432409990693	8.615119054030285E-4	0.03040590280010833	0.00495608196379282	0.0021173119633237938	0.14357963829743267
59	59	7.271747445198313E-4	5.933091557389059E-4	7.609728618764877E-4	0.037072551793051765	0.6407500734117828	8.493873536771608E-4	0.02997798307089791	0.08932777738345662	0.002087513816300964	0.1978532564086976
60	60	7.428567182372384E-4	0.014983183779938365	7.773837129264469E-4	0.0019293454701149876	0.546740148986388	8.677049179994183E-4	0.0018703177520840305	0.09844272599736578	0.14590332779267648	0.18774300487226936
61	61	7.881838456145765E-4	0.008270252308726493	8.248175850471698E-4	0.05543722547875412	0.49620195117952715	9.206499481492859E-4	0.0019844395321037076	0.15021242878058377	0.093788636354511	0.19157141498698282
62	62	7.271747445198313E-4	0.014666883356893614	7.609728618764877E-4	0.0018886162901650002	0.45075682169619424	0.028996535755986576	0.0018308346685884933	0.033033480578837794	0.45947867535382897	0.007860004693109058
63	63	7.428567182372384E-4	6.061042351289888E-4	7.773837129264469E-4	0.009117885242519675	0.21606731945577234	8.677049179994183E-4	0.18158381206220123	0.019368788500914218	0.5700271743645531	8.409707897474752E-4
64	64	7.271747445198313E-4	5.933091557389059E-4	7.609728618764877E-4	0.008925403390742354	0.3592785893886887	0.05010689705771864	0.1425665766801356	0.061180628981147206	0.3750372301469007	8.232175925317031E-4
65	65	7.024594563154362E-4	5.731437046022932E-4	7.351088398670051E-4	0.0018244258101315304	0.45582931382015296	8.205182910460574E-4	0.0017686080761087969	0.40577983941233686	0.13117134459907007	7.95237990369111E-4
66	66	0.003432014713000005	0.0028002151713865035	0.10322517552780204	0.008913619379531406	0.5000676392804309	0.004008816198341793	0.008640909997245974	0.2887515282898626	0.043063562408570163	0.0370965190338286
67	67	7.648493171831079E-4	6.240482168354687E-4	8.003984986929562E-4	0.009387824234050955	0.2742736047270088	0.023097472638015083	0.0019256893294193353	0.3307993150742943	0.35746092986568884	8.658680988113216E-4
68	68	0.09975274999946072	0.0027102059389604227	0.003476085190488703	0.07291447140153319	0.4197062543681798	0.2288857481384769	0.07265052790353613	0.0544642002625116	0.009535656559277019	0.03590410023757548
69	69	7.482354384456275E-4	6.104927868077223E-4	7.830124289139823E-4	0.03814626024104971	0.18142882894649157	8.739876127140019E-4	0.0018838599542910926	0.09915550931976394	0.6755227533578962	8.470599136261868E-4
70	70	0.008351649650380578	6.382192882907456E-4	0.06894346136295244	0.009601005722982909	0.3334879142140456	9.136811510550061E-4	0.02467771417833928	0.23233915702497243	0.3125922350106052	0.008454962396375902
71	71	0.00787478826202112	6.017783276862451E-4	7.718353438593662E-4	0.07328791013730344	0.4786028355164501	8.615119054030285E-4	0.0018569688575950914	0.10487735076258915	0.33043005230222605	8.349685848664543E-4
72	72	0.04963541063129912	5.891633387566103E-4	7.556554751762865E-4	0.0018754193633805905	0.643260374208815	8.434521603949396E-4	0.1974713099183866	0.004852188360066689	0.09989956128021396	8.17465263510264E-4
73	73	8.06640998103337E-4	0.008463919444677073	8.441326014958466E-4	0.0020950058301858012	0.20339652442557718	0.03997107398606283	0.06447709360065237	0.2708165957860523	0.40821583383973126	9.131794874620945E-4
74	74	0.0016118940603866761	0.0013151605048385923	0.0016868127577562054	0.11337321231678399	0.4376393075126233	0.0018827970039908804	0.019656440170941886	0.3851860641232884	0.004627293710114379	0.033021017839275704
75	75	0.2341424135394577	6.149453533903934E-4	7.887232498280655E-4	0.0019574884370829743	0.35050020468224535	8.80361951808797E-4	0.0018975996938263783	0.034238112106949305	0.37412691312710417	8.532378583069977E-4
76	76	0.20064964208234193	6.739280560101449E-4	0.008857320272068838	0.0021452416378015585	0.3121820395087626	9.648021820097355E-4	0.16193853566006022	0.19738099984128218	0.1142724142882449	9.350764714178543E-4
77	77	0.2349798303048287	0.024075465398458763	8.441326014958466E-4	0.0020950058301858012	0.5234332164781018	9.422091016086048E-4	0.1503405963464517	0.060060725409999495	0.0023156390414073207	9.131794874620945E-4
78	78	0.15854022836134563	6.334246237321009E-4	8.12424591870909E-4	0.0020163114817977434	0.4887464513132585	9.068170610576673E-4	0.11464311383893537	0.22308112770993535	0.009741223136687086	8.788778813797874E-4
79	79	0.0798167942146888	6.061042351289888E-4	7.773837129264469E-4	0.231962618187065	0.5107974501243645	8.677049179994183E-4	0.045001556386512154	0.019368788500914218	0.10996062893065305	8.409707897474752E-4
80	80	0.19501268802559096	5.850750584900019E-4	0.007689540641660635	0.07125369315817072	0.4722576174768822	8.375993372534858E-4	0.16140538728741213	0.06727067721438597	0.02287592903336166	8.117927667922911E-4
81	81	0.10076852665934224	7.019826024114326E-4	9.003564242646042E-4	0.09381702368180733	0.15033839996941237	0.0010049653527545491	0.10207433840719915	0.5386248515820667	0.010795553112337132	9.740022084044587E-4
82	82	0.0815760318632608	6.194633458260409E-4	7.945179853389465E-4	0.024012816036711054	0.5955257290139323	0.030274757911661884	0.17823910906329496	0.07857155083461413	0.009526517363875593	8.59506581484408E-4
83	83	0.0018751305837129925	0.0015299378201832153	0.0019622841654414608	0.02301550899021934	0.5998367925488955	0.002190274368440545	0.2587570337748937	0.10332727448180573	0.005382971603963084	0.00212279166244432
84	84	0.16359476150982202	6.240482168354687E-4	8.003984986929562E-4	0.038993262814530756	0.38529399940380804	8.933937026552304E-4	0.0833406454257388	0.019942209979256338	0.30565141234984916	8.658680988113216E-4
85	85	0.17227116198124792	6.287014624686119E-4	8.063667087099704E-4	0.09147985564226245	0.35834076973565093	9.000553358967111E-4	0.05413588600730628	0.2065046160389367	0.11406026260146065	8.723244860598954E-4
86	86	0.03922317153764456	6.480297220017801E-4	8.311569564750312E-4	0.0020628022973275067	0.33092836170653034	9.277258666095184E-4	0.017371263461502803	0.5202846562040728	0.07145211781269697	0.016270714435138757
87	87	0.08039471481966107	6.104927868077223E-4	0.04422654663684968	0.3422509996965996	0.405887089020826	8.739876127140019E-4	0.09601151740481843	0.01950902993854851	0.009388562169548918	8.470599136261868E-4
88	88	0.11493329054644578	6.017783276862451E-4	7.718353438593662E-4	0.21603257984986962	0.592798571286503	0.02227321236228796	0.0018569688575950914	0.04064224939193437	0.0021173119633237938	0.007972202070494764
89	89	7.763412792127195E-4	6.334246237321009E-4	8.12424591870909E-4	0.452770274573606	0.5263092815709092	9.068170610576673E-4	0.0019546230659833142	0.005216712215561355	0.0022286570851569485	0.008391443932909925
90	90	7.482354384456275E-4	6.104927868077223E-4	7.830124289139823E-4	0.2553639312807282	0.5651800477832569	0.11672341216720918	0.0018838599542910926	0.03399020800786041	0.023869740238860817	8.470599136261868E-4
91	91	0.05501759696469874	6.530489162035379E-4	0.008582909336623768	0.11051318666063198	0.6200681539378442	0.039661485434832264	0.002015179749890343	0.11381273983917288	0.048769592535246785	9.061066248556148E-4
92	92	0.007709710255422638	5.891633387566103E-4	7.556554751762865E-4	0.183553454325512	0.5873594403743131	0.056744385994896916	0.0018180414976296587	0.1236416727583834	0.03701101071639924	8.17465263510264E-4
93	93	0.07059826081923735	5.891633387566103E-4	7.556554751762865E-4	0.07175158665650806	0.3637557050363051	0.014818685619020435	0.0018180414976296587	0.4450720423067698	0.030023393987086498	8.17465263510264E-4
94	94	0.05997572647814271	6.240482168354687E-4	8.003984986929562E-4	0.312843569683969	0.4593075958550076	8.933937026552304E-4	0.12774880329645852	0.005139490689016435	0.03180110548041097	8.658680988113216E-4
95	95	0.05180747531874338	6.149453533903934E-4	7.887232498280655E-4	0.0019574884370829743	0.5036615527876454	8.80361951808797E-4	0.0018975996938263783	0.05611830469343502	0.38142031065593274	8.532378583069977E-4
96	96	7.121411867692874E-4	0.014363661277705551	7.452405643072549E-4	0.008740880250557902	0.3518508899769395	0.007723136257476676	0.1327278565725081	0.025459239729111485	0.4568707557326938	8.061984519305521E-4
97	97	7.220935261098909E-4	5.891633387566103E-4	7.556554751762865E-4	0.0018754193633805905	0.4755575727053091	8.434521603949396E-4	0.407099811797769	0.004852188360066689	0.10688717800952671	8.17465263510264E-4
98	98	7.170828261575297E-4	0.014463332572735247	7.504118845380136E-4	0.0018624055869444918	0.44450110244839175	8.375993372534858E-4	0.3973357650295813	0.004818518400282374	0.002058542761993794	0.13265523915212213
99	99	7.536926169433688E-4	6.149453533903934E-4	7.887232498280655E-4	0.02383768102356869	0.5036615527876454	0.03734734959595166	0.19881933297219784	0.019651317049292162	0.0750976144451327	0.13942779090604987
100	100	0.007656211583280151	5.850750584900019E-4	7.504118845380136E-4	0.0018624055869444918	0.4861358749911275	8.375993372534858E-4	0.18222277355878	0.011757647157404997	0.07838895909034263	0.22980304175183883
101	101	6.884205914200215E-4	5.616892541536172E-4	7.204174671571133E-4	0.0017879641079936027	0.739837200472815	0.007465887563826551	0.001733261908283445	0.01794945446078658	0.10190277524983281	0.12735292892373137
102	102	7.536926169433688E-4	6.149453533903934E-4	7.887232498280655E-4	0.30828018464788304	0.3942605898552168	8.80361951808797E-4	0.04565798486679781	0.12175888245289218	0.0021636391568469887	0.12484099584839273
103	103	7.323279806071597E-4	5.975137326653431E-4	7.663656135401732E-4	0.29954148416628296	0.34765136381996037	8.554066682863057E-4	0.01601711791850053	0.20334728252731998	0.0446222335774015	0.08586890399543574
104	104	0.008288907330742857	6.334246237321009E-4	8.12424591870909E-4	0.08465453804862925	0.48123388526172833	9.068170610576673E-4	0.0019546230659833142	0.22308112770993535	0.0022286570851569485	0.19620559522116338
105	105	6.930374458076948E-4	5.654561918801587E-4	7.252489068113806E-4	0.048745065459319885	0.5838442130209457	8.095127705273637E-4	0.10234155122467282	0.11866649677014346	0.015402403955168398	0.12820701425472322
106	106	7.592299830253787E-4	6.194633458260409E-4	7.945179853389465E-4	0.00931885205848643	0.38246325132967524	8.86829955212636E-4	0.0019115413245994657	0.2916340285188712	0.2446299410154696	0.06698234448349522
107	107	8.675909607941958E-4	7.078761526782816E-4	9.079154375880908E-4	0.027440041360916625	0.34469889065122616	0.00940898143578297	0.07774457510890798	0.25769723919159937	0.09484197620137517	0.18568491349913116
108	108	0.007931396490641925	6.061042351289888E-4	7.773837129264469E-4	0.0019293454701149876	0.5898713876208161	8.677049179994183E-4	0.15282965297258247	0.026557328273318907	0.05245231075141555	0.1661773855550553
109	109	8.12986989980289E-4	6.633242261052768E-4	8.507735466557857E-4	0.009978670040020347	0.5747542555759748	9.496216324857328E-4	0.15939053565936454	0.0054629571752561066	0.04166976868017857	0.2054671064739786
110	110	7.536926169433688E-4	0.007908342882218965	0.13936327629757092	0.01654428349474012	0.2046322541056739	8.80361951808797E-4	0.00919099722265495	0.13634567751054932	0.4835278760595328	8.532378583069977E-4
111	111	6.884205914200215E-4	5.616892541536172E-4	0.20723521242325169	0.00844973168722246	0.6865430598389841	8.041199845976927E-4	0.008395029487512301	0.024611222040015434	0.061932169774459665	7.793449183830748E-4
112	112	7.024594563154362E-4	5.731437046022932E-4	0.27263991181225555	0.0018244258101315304	0.6597579160494443	0.007618138365355771	0.008566228150418508	0.031910735325302655	0.015611803335804959	7.95237990369111E-4
113	113	7.220935261098909E-4	5.891633387566103E-4	0.3710993421287519	0.008863036092693339	0.5035080396225601	0.007831068889707688	0.08566944224938262	0.018827421818692184	0.0020729270698355076	8.17465263510264E-4
114	114	7.536926169433688E-4	6.149453533903934E-4	0.2998180219317995	0.06030466866771155	0.5474219379606168	8.80361951808797E-4	0.052951382395626384	0.005064521991635015	0.03133722927216128	8.532378583069977E-4
115	115	7.763412792127195E-4	6.334246237321009E-4	0.15106374562247366	0.21236816092464159	0.6164600741892708	9.068170610576673E-4	0.0019546230659833142	0.012729278267091493	0.0022286570851569485	8.788778813797874E-4
116	116	7.271747445198313E-4	0.00763009625631626	0.10631277937053679	0.24113937770979504	0.6196397121100508	8.493873536771608E-4	0.0018308346685884933	0.011923119277105732	0.002087513816300964	0.007860004693109058
117	117	7.375547763928117E-4	6.017783276862451E-4	0.13637927157079724	0.0019155752810203377	0.6784453731140428	8.615119054030285E-4	0.09464100417076311	0.00495608196379282	0.023529012420208724	0.057932836469892925
118	118	0.028473597854648022	5.850750584900019E-4	0.24361991838382982	0.0018624055869444918	0.6526749651620705	8.375993372534858E-4	0.02262281214495968	0.039514162185895485	0.008997671519116415	8.117927667922911E-4
119	119	0.07758446832942129	0.003110084197221207	0.11464797078627448	0.00989999163478532	0.4816319566055095	0.004452427811772014	0.083369774785172	0.0993864743795981	0.08471526853549612	0.04120158293474995
120	120	0.058251174897474736	0.07968004173158054	0.007965923485331134	0.06662620342175718	0.5323630694415786	8.677049179994183E-4	0.0018703177520840305	0.01218024872850953	0.23216580506153275	0.008029510562152163
121	121	7.428567182372384E-4	6.061042351289888E-4	0.02234300303014051	0.08100328296656656	0.8630358989721942	8.677049179994183E-4	0.0018703177520840305	0.026557328273318907	0.002132532344582735	8.409707897474752E-4
122	122	7.07267189963835E-4	5.770663826290618E-4	0.00758428399531252	0.11818735984319641	0.8353769933266408	8.261340363556591E-4	0.008624856649114573	0.011596705097741775	0.015718652765384037	8.006807136614084E-4
123	123	7.024594563154362E-4	5.731437046022932E-4	7.351088398670051E-4	0.27372922878252004	0.6121745755292763	0.02801099858828491	0.008566228150418508	0.07269645577116092	0.002016563187185532	7.95237990369111E-4
124	124	8.462760294745128E-4	6.904850867739444E-4	0.025453559787078285	0.1496056456502638	0.2952837622665762	9.88505393748817E-4	0.02669865033607489	0.3823952128211321	0.11707985324549114	9.580493833862756E-4
125	125	8.194336237770056E-4	6.68584099174457E-4	8.575198114383952E-4	0.025916928074473836	0.7061848593533602	0.04060498050517172	0.0020631182509077465	0.2196045514951424	0.0023523630655044214	9.276617210498281E-4
126	126	8.462760294745128E-4	6.904850867739444E-4	0.0991574096986933	0.002197945827033783	0.46725941206034455	9.88505393748817E-4	0.08402386693399769	0.3414486295369015	0.002429420049645561	9.580493833862756E-4
127	127	7.822177416636464E-4	6.382192882907456E-4	8.185741845000429E-4	0.047448165266567574	0.3259184823053287	0.016052544968488874	0.017108282269622348	0.5426858652823667	0.04766211820551253	8.855304876589691E-4
128	128	0.008612413974994182	6.581464677862273E-4	8.441326014958466E-4	0.07234696262220341	0.5546563083856652	9.422091016086048E-4	0.06447709360065237	0.2630108228091615	0.0335387309489707	9.131794874620945E-4
129	129	7.428567182372384E-4	6.061042351289888E-4	7.773837129264469E-4	0.1097574420561853	0.5179859898967692	8.677049179994183E-4	0.05219009615891684	0.31409891916950644	0.002132532344582735	8.409707897474752E-4
130	130	6.977166436523648E-4	0.02082444724688957	7.301455875638126E-4	0.31914315538307747	0.6350482391677932	8.149783776659073E-4	0.0017566669217774465	0.011440109583814277	0.008754672325153775	7.898687626123074E-4
131	131	7.170828261575297E-4	5.850750584900019E-4	7.504118845380136E-4	0.18921888202925527	0.6041010638622121	8.375993372534858E-4	0.16834451604453476	0.011757647157404997	0.02287592903336166	8.117927667922911E-4
132	132	0.008227100693371315	6.287014624686119E-4	8.063667087099704E-4	0.3524590440547934	0.35088422149529286	9.000553358967111E-4	0.0019400483248000933	0.27361355020215894	0.009668587236448286	8.723244860598954E-4
133	133	0.008415349062094186	0.046406078391124546	0.03133347845096561	0.23848919067426474	0.3894216381488126	9.206499481492859E-4	0.0019844395321037076	0.27987423746073714	0.0022626537567556884	8.922845749925739E-4
134	134	0.023490513467814444	6.382192882907456E-4	8.185741845000429E-4	0.2972394182542264	0.4394599609360827	9.136811510550061E-4	0.0019694184521884825	0.22476972511625548	0.009814958661927857	8.855304876589691E-4
135	135	7.482354384456275E-4	0.02957284892543152	0.01526419049822588	0.2408827532114163	0.4565712122634176	0.0298363437513378	0.15393622968206602	0.005027851869236609	0.06731327444679651	8.470599136261868E-4
136	136	0.00810621197213769	6.194633458260409E-4	0.008141499974451257	0.09748263592783418	0.33103437740588904	8.86829955212636E-4	0.17089212707418264	0.3651038484099943	0.016873499352987906	8.59506581484408E-4
137	137	0.02992728273225766	0.02978853546870468	7.887232498280655E-4	0.25722640194608304	0.4161407824417025	8.80361951808797E-4	0.1550589477992264	0.0852918948087493	0.024043831743332706	8.532378583069977E-4
138	138	6.930374458076948E-4	5.654561918801587E-4	0.027551026317972092	0.2901770621597663	0.48324754772909306	8.095127705273637E-4	0.16940599475257462	0.02477627583108096	0.0019895152495880424	7.845715517098408E-4
139	139	7.121411867692874E-4	5.810431254292077E-4	7.452405643072549E-4	0.23615407976311759	0.4414379079667357	8.318271813385036E-4	0.2292061836384425	0.07369840326207869	0.015826974859850792	8.061984519305521E-4
140	140	0.03541272661177065	5.850750584900019E-4	0.007689540641660635	0.22391452581486843	0.569405420076599	8.375993372534858E-4	0.08507497095906327	0.06727067721438597	0.008997671519116415	8.117927667922911E-4
141	141	7.121411867692874E-4	5.810431254292077E-4	7.452405643072549E-4	0.3464150249813283	0.4069813625860449	8.318271813385036E-4	0.16029309287706078	0.06680709418594051	0.015826974859850792	8.061984519305521E-4
142	142	8.675909607941958E-4	7.078761526782816E-4	9.079154375880908E-4	0.3128897211457443	0.6469397280704554	0.0010134026185821558	0.002184365754100657	0.00582987467557495	0.027677345663768664	9.821795207132459E-4
143	143	7.375547763928117E-4	6.017783276862451E-4	0.13637927157079724	0.016190042252276958	0.2502113639763442	0.007998745391031339	0.0018569688575950914	0.012093315449421129	0.5730959908135886	8.349685848664543E-4
144	144	7.428567182372384E-4	6.061042351289888E-4	0.3889585314227796	0.009117885242519675	0.44610059217272235	8.677049179994183E-4	0.009058857524488718	0.026557328273318907	0.002132532344582735	0.11585760714822248
145	145	7.07267189963835E-4	5.770663826290618E-4	0.3155707624075204	0.07712249605490204	0.5752995226674431	8.261340363556591E-4	0.008624856649114573	0.018440849062457507	0.002030364835952576	8.006807136614084E-4
146	146	7.648493171831079E-4	6.240482168354687E-4	0.08961671424013236	0.26843541181324926	0.6073347887574065	8.933937026552304E-4	0.009327048974539285	0.005139490689016435	0.016998386190171067	8.658680988113216E-4
147	147	7.220935261098909E-4	5.891633387566103E-4	0.23134700754249699	0.022838269551318832	0.6362727574795023	8.434521603949396E-4	0.07169420879075714	0.02581503854800493	0.009060543799148255	8.17465263510264E-4
148	148	7.220935261098909E-4	5.891633387566103E-4	0.1964089238959332	0.008863036092693339	0.615309907291564	0.11963293655871164	0.036756125144193394	0.018827421818692184	0.0020729270698355076	8.17465263510264E-4
149	149	7.121411867692874E-4	5.810431254292077E-4	0.2763976036098341	0.0018495711744197308	0.5792640894894991	8.318271813385036E-4	0.09827131119181724	0.025459239729111485	0.015826974859850792	8.061984519305521E-4
150	150	7.705524530132885E-4	6.287014624686119E-4	0.13502423503515446	0.016914373238682185	0.5223848310235275	9.000553358967111E-4	0.1883537543337508	0.042460554751060094	0.0022120389960902597	0.09035090337035621
151	151	7.323279806071597E-4	5.975137326653431E-4	0.13541279880875676	0.0019020002610673737	0.7515906634056101	8.554066682863057E-4	0.01601711791850053	0.0049209599238429335	0.0021023073052278407	0.08586890399543574
152	152	6.977166436523648E-4	5.692739962575503E-4	0.0479922165057052	0.05582590312486121	0.6958137589196892	8.149783776659073E-4	0.0017566669217774465	0.004688385166936937	0.09652708974455919	0.09531401059889506
153	153	6.977166436523648E-4	5.692739962575503E-4	0.05474394092258253	0.022067281040474503	0.6485516880015478	0.10884256904770334	0.04901873783991883	0.09246080258634236	0.022258121158908458	7.898687626123074E-4
154	154	0.008818929663552764	0.008666874406793028	0.13674446188459494	0.0021452416378015585	0.4320762347705059	0.008957748532792619	0.10598791120458004	0.21336689254284794	0.0023711653772845614	0.08086453997924667
155	155	0.015229413507757526	6.104927868077223E-4	0.14559479312203297	0.0019433150677699654	0.5217365135753211	8.739876127140019E-4	0.0018838599542910926	0.21500493387425915	0.045591507342828665	0.05153118315621783
156	156	8.326385480137504E-4	6.793581290889209E-4	0.065330124911053	0.0021625265968725016	0.3227547472386848	0.13794749708877407	0.010153713079087846	0.30371689525102746	0.05073436050362864	0.10568813865376898
157	157	7.323279806071597E-4	5.975137326653431E-4	0.02911298312832261	0.0019020002610673737	0.4185179076069165	0.11424187672741605	0.0018438091611093137	0.34508037010123216	0.037535579198705885	0.0504356321019577
158	158	7.705524530132885E-4	6.287014624686119E-4	0.05300220439121616	0.009457824998324158	0.4627324451006633	0.23205305078699554	0.016853144805516147	0.14685223011607249	0.07677752139967052	8.723244860598954E-4
159	159	7.763412792127195E-4	6.334246237321009E-4	0.10598834931329283	0.0020163114817977434	0.37605796054030644	9.068170610576673E-4	0.039517453323634	0.42592041110124906	0.0022286570851569485	0.04595427419056061
160	160	6.838648427818032E-4	5.579721732199487E-4	0.17277538506837015	0.04148222464411827	0.4967046367748567	7.98798574154059E-4	0.001721791731945387	0.20974345212907444	0.0019631832906025354	0.07356869077087676
161	161	6.793689947331285E-4	5.543039657771133E-4	0.17163952922489834	0.001764455325429712	0.6052002101891061	0.02709025237158877	0.04772970653970087	0.14262279859466126	0.0019502769775212206	7.690978165835311E-4
162	162	8.394019015007643E-4	6.848764169249398E-4	0.26080790432052636	0.0021800923603536755	0.50407794146221	9.80475965592156E-4	0.002113393120056016	0.2249559607446728	0.0024096863649592255	9.502673432041172E-4
163	163	7.170828261575297E-4	5.850750584900019E-4	0.07014169945576423	0.0018624055869444918	0.7220662527332966	8.375993372534858E-4	0.0018054258735918144	0.1366619647856122	0.002058542761993794	0.06326395158089589
164	164	7.482354384456275E-4	6.104927868077223E-4	0.2107600944339365	0.0019433150677699654	0.6448265271644723	8.739876127140019E-4	0.09601151740481843	0.03399020800786041	0.009388562169548918	8.470599136261868E-4
165	165	7.428567182372384E-4	6.061042351289888E-4	0.11579402007140144	0.0019293454701149876	0.6042484671656255	8.677049179994183E-4	0.2462806700138434	0.019368788500914218	0.009321072116987423	8.409707897474752E-4
166	166	7.482354384456275E-4	6.104927868077223E-4	0.2976471628498079	0.0019433150677699654	0.543458280679289	8.739876127140019E-4	0.13221446257809819	0.012268440903892558	0.00214797313489297	0.008087648948282136
167	167	7.220935261098909E-4	5.891633387566103E-4	0.09858228968555474	0.0018754193633805905	0.30785477120180316	8.434521603949396E-4	0.1695208430011356	0.02581503854800493	0.3863918471820366	0.007805081992823012
168	168	7.323279806071597E-4	5.975137326653431E-4	7.663656135401732E-4	0.0019020002610673737	0.46103783387909014	8.554066682863057E-4	0.008930463539804923	0.047440886196016586	0.3210017543465303	0.15673544778239185
169	169	0.021837536046251892	5.933091557389059E-4	0.1977910116780424	0.015962190491319708	0.5492718411042772	0.007886174454254515	0.12145621537840352	0.004886332176528377	0.07949217192265184	8.232175925317031E-4
170	170	7.482354384456275E-4	6.104927868077223E-4	0.31212834091911984	0.0019433150677699654	0.4638118012980736	8.739876127140019E-4	0.12497387354344223	0.005027851869236609	0.08903504155076436	8.470599136261868E-4
171	171	7.648493171831079E-4	6.240482168354687E-4	0.18583438962669172	0.15001365749133	0.6443415869830064	8.933937026552304E-4	0.009327048974539285	0.005139490689016435	0.002195666899931166	8.658680988113216E-4
172	172	0.008227100693371315	6.287014624686119E-4	0.17230697623694458	0.002001276757966131	0.7311681817535522	9.000553358967111E-4	0.07650553072838036	0.005177813549269957	0.0022120389960902597	8.723244860598954E-4
173	173	7.024594563154362E-4	5.731437046022932E-4	0.041520829285725286	0.015419665958750956	0.7889126974613289	8.205182910460574E-4	0.05614956867058649	0.0047202550280638035	0.09038562415321179	7.95237990369111E-4
174	174	7.648493171831079E-4	6.240482168354687E-4	0.0822153545950124	0.0019864645889310036	0.6517429466281263	0.07490699015385473	0.16475560152205826	0.019942209979256338	0.002195666899931166	8.658680988113216E-4
175	175	0.030147157939474627	6.194633458260409E-4	0.04487640992001282	0.016665834047598742	0.8600170806219755	8.86829955212636E-4	0.0239524872919364	0.005101730943491021	0.016873499352987906	8.59506581484408E-4
176	176	6.930374458076948E-4	5.654561918801587E-4	0.061083248081922975	0.10910306463443148	0.6777344339600082	0.007515957123317542	0.0017448859328201588	0.004656942772710428	0.1361184023053916	7.845715517098408E-4
177	177	7.428567182372384E-4	6.061042351289888E-4	0.23081065642987647	0.04506058410454311	0.6258140864828395	8.677049179994183E-4	0.08094425524853559	0.01218024872850953	0.002132532344582735	8.409707897474752E-4
178	178	0.022470002542413475	6.104927868077223E-4	0.2759253957458401	0.023665082171737812	0.5796612258525687	0.02259575471668185	0.03808680512757084	0.01950902993854851	0.01662915120420487	8.470599136261868E-4
179	179	7.07267189963835E-4	5.770663826290618E-4	0.12393473139547992	0.08396664001961777	0.6232085304204532	0.01451442196578712	0.1455077359434292	0.004752561133026046	0.002030364835952576	8.006807136614084E-4
180	180	7.323279806071597E-4	5.975137326653431E-4	0.18501937945962602	0.0019020002610673737	0.7515906634056101	0.007942061046981915	0.0018438091611093137	0.0049209599238429335	0.0446222335774015	8.290514510884371E-4
181	181	7.592299830253787E-4	6.194633458260409E-4	0.1624281217458098	0.0019718700693741186	0.7718532967526277	8.86829955212636E-4	0.009258523313711776	0.04918362287816489	0.0021795353747632814	8.59506581484408E-4
182	182	6.930374458076948E-4	5.654561918801587E-4	0.24886368996004796	0.0017999549897886478	0.6978537670183788	0.03434173453447825	0.0017448859328201588	0.004656942772710428	0.00869595960237822	7.845715517098408E-4
183	183	7.271747445198313E-4	5.933091557389059E-4	0.09927599226995944	0.20595544220690826	0.6759340089146696	8.493873536771608E-4	0.008867621769165846	0.004886332176528377	0.002087513816300964	8.232175925317031E-4
184	184	7.375547763928117E-4	6.017783276862451E-4	0.14351650505642555	0.16607194545047146	0.5642496373439898	8.615119054030285E-4	0.03040590280010833	0.08346565030570423	0.0021173119633237938	0.007972202070494764
185	185	7.121411867692874E-4	5.810431254292077E-4	0.25572367638141963	0.0845452800880778	0.6068293257940518	8.318271813385036E-4	0.036249529506573695	0.004785312500696969	0.00893566578371262	8.061984519305521E-4
186	186	7.323279806071597E-4	5.975137326653431E-4	0.21336599697440845	0.037335272154545414	0.645290847725176	8.554066682863057E-4	0.07979700732676101	0.0049209599238429335	0.00918896168392345	0.007915705829784047
187	187	7.592299830253787E-4	6.194633458260409E-4	0.20651001368048366	0.0019718700693741186	0.7057304588506169	8.86829955212636E-4	0.0239524872919364	0.012448712932603332	0.04626142730943715	8.59506581484408E-4
188	188	7.482354384456275E-4	6.104927868077223E-4	0.20351950539928054	0.009183904102425915	0.7534353626843115	8.739876127140019E-4	0.0018838599542910926	0.026749618973204457	0.00214797313489297	8.470599136261868E-4
