0	0	2.6991367618769308E-5	0.011344796313831463	5.143360595264038E-5	0.0059459594797372055	6.890159642050048E-5	0.11237338221346582	0.007463391869555948	0.2944347885453072	0.5633232375454991	0.004967117462611395
1	1	8.07770620121809E-5	1.7699645879448999E-4	1.5392534517804263E-4	0.3114864185801399	0.06481843002677745	0.04113939864970176	3.087957933817095E-4	7.911008054560737E-5	0.5786387341433692	0.0031174138600996667
2	2	0.025125837882493385	2.739454091234862E-4	0.0229662513662441	0.159363789845118	3.191478305957414E-4	0.20231419075824364	4.779371888552008E-4	1.2244224279097846E-4	0.5887570981534226	2.7935932311295877E-4
3	3	8.81559056793877E-5	1.9316477646488022E-4	1.6798615687627384E-4	0.22775809173483139	2.25037972176744E-4	0.19393930083821187	3.370037502904558E-4	8.633664836455266E-5	0.5770079399739081	1.96982243196382E-4
4	4	1.1881150143604783E-4	2.6033646798228184E-4	2.2640216063945715E-4	2.54392493974065E-4	0.06078033020863498	0.20738297341116133	0.15164678659625447	1.1635961019395487E-4	0.576788231944055	0.00242537560566854
5	5	1.392658702799553E-4	3.051555139102215E-4	0.017987542122260256	0.07625031530813044	0.018077670748897788	0.04561011304227929	0.06888930207264833	0.18748497197646838	0.5849444771198008	3.111862253246206E-4
6	6	7.305321163948577E-5	1.6007217199609928E-4	1.3920710332689223E-4	0.2060036347752714	1.864849153514201E-4	0.06243856069327984	0.06269745742745109	7.154562586150423E-5	0.6680667484378857	1.632356379365133E-4
7	7	1.392658702799553E-4	3.051555139102215E-4	2.653791388343645E-4	0.1167581164131039	0.030736358594202	0.2228317428765382	0.21066660594005548	1.36391865966108E-4	0.41784979756178525	3.111862253246206E-4
8	8	4.7021170132320123E-4	0.0010303148436543639	0.06073241611120068	0.0010067908068629513	0.0012003221672339012	0.222380615050283	0.04453781867543071	4.60508028375136E-4	0.6585822686874813	0.009598733928154706
9	9	1.1158138212168526E-4	2.44494030990567E-4	0.11786310896821203	2.389117697859208E-4	2.848368214452318E-4	0.1724499295562814	0.0470810573831404	1.0927869753056383E-4	0.6593390188612446	0.0022777825292476786
10	10	7.144031845917179E-5	1.5653804517571173E-4	0.001434859150901849	1.5296398550196356E-4	0.252135116278038	0.07794345292788768	2.7310314671651835E-4	0.05851261389781259	0.6091602805824469	1.5963166705962312E-4
11	11	0.0029689510546041303	1.1713676310152176E-4	0.00107369908864378	1.1446230922773912E-4	0.11189701321640072	0.12052193383171647	0.0011761927945982192	5.235527776616508E-5	0.5841137575689305	0.17796449809501078
12	12	0.001506619974588732	8.836753393463125E-5	0.10051778867445664	0.1283868203064514	8.360941829548294E-4	0.23461782082841268	0.014083935234156483	7.726421697924787E-4	0.5190997971760442	9.011391920794035E-5
13	13	0.3450506885803627	1.3588951341899817E-4	1.1817660308889019E-4	1.3278689878336156E-4	0.003540553872073707	0.155600420990536	0.016020874252101244	6.0736979853152856E-5	0.47920129724620136	1.3857506358052726E-4
14	14	0.053843337020748096	0.08078360645343452	5.1282625618569484E-5	5.762274967605824E-5	0.05584208512942931	0.12623148330036482	0.0020598410319253493	2.635675520871909E-5	0.631630987566571	0.049473397367023546
15	15	0.2314699541115737	5.557069872346477E-5	0.03186043257974975	5.43019145558421E-5	6.474015388331914E-5	0.2812445259913684	0.02775965143217862	2.483779891378163E-5	0.4274093163906342	5.666892841888601E-5
16	16	0.25620093416231215	3.42714073948668E-5	0.0031574825909011024	3.348892633733796E-5	3.2426076737322756E-4	0.22974655606747943	5.979140209292782E-5	1.5317898549412325E-5	0.5103929480729889	3.494870457070794E-5
17	17	2.2020951106176363E-5	4.825169754864412E-5	0.28026775173234797	4.715002002223241E-5	5.62134793369362E-5	0.2393990297189553	0.00168547225607752	2.156650876257166E-5	0.4784033383521718	4.9205283670821656E-5
18	18	0.024270382014822123	6.087521296492626E-5	0.0066186444205287645	0.0015746478157813459	0.24047670312769096	0.14647345576412418	0.0036415847338969313	2.720869690663121E-5	0.5732590407743321	0.003597457438952082
19	19	0.0018283222980024995	1.072362874760649E-4	9.325826447483115E-5	0.0027738611106621638	0.0045733862184037756	0.12190132536672264	0.07847990389611406	0.18421398307823908	0.6059193679087408	1.0935557116402065E-4
20	20	5.371952231907061E-5	1.1770872796999312E-4	1.023656445256155E-4	1.1502121505635271E-4	0.30189917366405983	0.053726671049088674	2.0535981504381023E-4	5.261092235432355E-5	0.6436073344637256	1.2003497585667518E-4
21	21	6.808044181550839E-5	0.011287987713088381	0.010030897191917345	1.4577000690144215E-4	0.003886728036394062	0.24012226066705944	0.03862727716205226	6.66754781796005E-5	0.6547698894984184	0.04099443380417356
22	22	3.7117781753355176E-5	8.133145431384854E-5	7.073007146220411E-5	7.94745033678716E-5	0.05542592174836227	0.14238689862063894	1.4189442620936188E-4	0.1451119809189474	0.6565817116876236	8.29387873211902E-5
23	23	6.774506425249363E-5	0.013695478606596112	1.2909212268207156E-4	1.4505191535603575E-4	1.729346635018348E-4	0.0677540794327017	0.008879818917624812	0.3178059538396842	0.5875038241359579	0.0038460213016428915
24	24	5.953341375057364E-5	0.012035394805439338	0.006607051716719549	1.2746959188080187E-4	0.00339877624404448	0.2684190398075878	0.12360612522410608	0.00871644798975314	0.5768971352308025	1.3302597591562492E-4
25	25	4.3761851969295104E-5	0.0024825518549475224	8.339073001922724E-5	9.370041223984677E-5	0.025569441114059108	0.18139852324311562	0.008918387839870917	4.2858746627771926E-5	0.6754609130527309	0.10590647115441969
26	26	2.151283870549085E-5	4.7138335743317E-5	4.099395349391257E-5	0.18424733074012967	5.491640702616008E-5	0.20806348316667753	0.01025046250876264	0.050080012382619596	0.5467549942519674	4.391554148742445E-4
27	27	3.8094575193257395E-5	0.028477105816805463	0.023618531830872376	0.18775656168485358	9.724505563589922E-5	0.07341855526695998	1.456285271747965E-4	0.046436661611375864	0.6399264942224455	8.512140868329412E-5
28	28	3.8440650975910944E-5	7.830491177719844E-4	0.26911857707588827	0.0014799450146137734	7.969475217689061E-4	0.22712690432400648	1.4695151099238798E-4	3.764735828682797E-5	0.50038564271903	8.589470666551857E-5
29	29	7.034402746514065E-5	1.541358827434789E-4	1.340445968083452E-4	1.5061666898191263E-4	0.31348455258944713	0.13812956860279654	2.6891222866569814E-4	6.889235062585617E-5	0.5473817510211684	1.5718203129743574E-4
30	30	0.028289566387886243	0.01727320637724529	0.009278227351031213	0.024028332290232334	0.0013147661770640862	0.42200331528468077	1.2916913819866152E-4	3.309171026909483E-5	0.48283267984098566	0.014817645442406569
31	31	3.645364017600352E-5	0.002730663514239333	6.946451142579765E-5	0.021284350949130327	9.305619629731308E-5	0.08682345010948316	0.002127446016989057	0.2624636448982212	0.6143495629780257	0.010021907186012147
32	32	0.31465052077621347	1.0927798406979075E-4	9.503383024082753E-5	1.0678296098671895E-4	1.273094214622474E-4	0.20128579254063175	0.0010972812810245483	4.8842729286806886E-5	0.48236772085879154	1.1143761729229937E-4
33	33	0.29116585611611184	0.0014059626457215517	1.315217546951437E-4	1.4778192528835674E-4	1.761894522982721E-4	0.24218170160547442	0.009046945244656237	6.759573347324646E-5	0.4555222218008105	1.542237214704257E-4
34	34	0.21848627931748096	1.979226417192339E-4	1.7212384446943266E-4	1.9340369342461073E-4	2.3058091001626574E-4	0.22663151556156974	0.006913603840176476	8.846321691886537E-5	0.47299090560810736	0.074095201366117
35	35	4.833806116950549E-5	9.846627253349348E-4	9.211096028265398E-5	1.0349873359188528E-4	0.043181933466298034	0.3216344082769529	0.007214753129412433	4.7340517435029086E-5	0.49740932514041186	0.1292836289891108
36	36	7.98391375437113E-5	0.007431986537482767	1.5213807607015724E-4	1.7094706380270397E-4	0.013266488951519948	0.23079630298558518	3.0521028131728814E-4	0.3048740912886256	0.44274459705249236	1.7839862556028326E-4
37	37	6.388958981734694E-5	0.029176481809633052	0.10697602375315944	1.3679679068245227E-4	0.009454769077058741	0.3368410858201215	2.44238105286679E-4	6.257111202823842E-5	0.5169013841960318	1.4275974618068422E-4
38	38	1.0340132325555004E-4	2.2657011278940642E-4	0.020874286792733284	2.2139708854160622E-4	2.639553632452977E-4	0.17672533202829543	0.2616805292940224	1.0126744904432671E-4	0.5395722127873199	2.310477607527421E-4
39	39	3.915201548557651E-5	0.004356295072455797	0.017156631467372185	8.383009004265583E-5	9.994441215940797E-5	0.11033233000313905	1.4967092616637194E-4	3.8344042497110876E-5	0.6014614274316897	0.26628237453899206
40	40	0.2905930916355323	6.813624979832325E-5	5.925483391462484E-5	6.658057033106486E-5	7.93790864305456E-5	0.2990501031379494	6.841692047975928E-4	3.045407939985734E-5	0.4053422784103102	0.004026552791536048
41	41	0.2970804442145033	1.2387854676356228E-4	1.0773124050394403E-4	1.2105016521623174E-4	0.008366434279266257	0.242568162103492	2.1612395180879327E-4	5.5368575614933616E-5	0.44815118702331924	0.003209619899511697
42	42	4.889664144763202E-5	1.0714096511543932E-4	9.31753671820694E-5	0.008993697036433681	1.248197832332096E-4	0.19823838704959976	0.002853623522634749	9.367878006156644E-4	0.5467133508484836	0.24189012098525414
43	43	6.301136795762934E-5	1.3806876252339047E-4	0.004702048616750065	1.349163915085023E-4	1.6085082854049875E-4	0.20735202319028379	0.1961203900967158	6.171101387254299E-5	0.5911261823512127	1.407973806350289E-4
44	44	6.388958981734694E-5	0.002462912194851825	0.030319693554222007	0.0024597158876199505	0.0013245522377774972	0.23463264555487154	0.001405697653755428	6.257111202823842E-5	0.5169013841960318	0.21036693801902426
45	45	0.19688035720092575	0.0012748013037436731	1.1925217562944438E-4	1.3399544546979244E-4	1.597528527370306E-4	0.31970412845566787	2.3923656070671748E-4	6.128977140426138E-5	0.4812873499430451	1.398362906702978E-4
46	46	0.029301123033866942	1.101769920777536E-4	0.1545768187372742	0.0010217502185792874	1.2835677048097185E-4	0.26052932315873445	0.062350256361292336	4.9244548602320233E-5	0.4872501519087333	0.004682798270358467
47	47	0.0011455205887404853	1.3087288425136362E-4	1.1381388091061788E-4	1.2788480874892027E-4	0.0055814338530838364	0.3355267709292667	0.13378089658262668	5.849475455541506E-5	0.5027707806367696	0.020763531081046376
48	48	5.877015315162732E-5	1.2877553022514322E-4	0.16250764266578513	0.0236304692924099	1.5002416443724695E-4	0.2201052342956951	0.010908591967407085	5.755732424140182E-5	0.5823216141181153	1.313204885320495E-4
49	49	4.27085658438356E-5	0.24388511855554665	8.138363262803778E-5	9.144517532182709E-5	1.0902331475134442E-4	0.10327393038844922	1.6326696150391625E-4	4.182719697559336E-5	0.6498866464457761	0.002424649763203428
50	50	2.321154071483293E-4	5.086048449088217E-4	0.08483560613820608	4.969924342388076E-4	0.01325152182600737	0.0591400373673198	0.22030990617415494	2.2732528391057046E-4	0.6204792342499946	5.186562741106308E-4
51	51	9.650772811125842E-5	2.114650582292577E-4	1.8390103566324386E-4	2.0663691094930642E-4	0.021299519633751433	0.04388766654076366	0.4073967248239999	9.451611576320934E-5	0.5264074179639575	2.1564418881113193E-4
52	52	1.9302031696598505E-4	0.16534352750107711	3.6781133375319067E-4	0.003922232883361313	0.011019574161671595	0.09479544085158853	0.18320321103591117	1.8903699195961225E-4	0.5405348456848754	4.312992388362074E-4
53	53	0.008257098755746716	3.2577492961962545E-4	2.83310857367359E-4	3.183368717509156E-4	0.01659637482094713	0.1000453405355166	0.06273293500568883	1.4560789010966609E-4	0.5704131348214124	0.24088208551184084
54	54	1.7031103521142463E-4	0.00346929363794363	3.245374891029727E-4	0.24495757312253202	4.347576002756943E-4	0.031008622496641842	0.13688003169234442	1.6679635750245343E-4	0.5357658283813878	0.046822248187057956
55	55	1.6771471678822406E-4	3.674918376551016E-4	0.00946633179107269	0.19853850559030783	0.012623785556192783	0.03358482330611575	0.11040204323097476	1.6425361882806998E-4	0.6282124680417618	0.006472582310303116
56	56	1.3684075609761805E-4	2.998416709484503E-4	2.607579440506754E-4	0.15701500949797098	3.4931711070311896E-4	0.30353158402195235	0.02042432504324942	1.3401679842195711E-4	0.5175425397903801	3.0576736622536186E-4
57	57	2.4668861288541544E-4	0.05435566032396772	4.700793634231723E-4	0.013981976530093735	6.297287149964344E-4	0.10769903971737681	0.17584219501114087	2.4159774506414325E-4	0.6459818142305123	5.512197505394689E-4
58	58	1.549584338219496E-4	3.395406240782748E-4	2.9528222270198024E-4	0.017233880121212852	3.9556659817890406E-4	0.016945304805344286	0.34708526044380283	1.5176058494213395E-4	0.6170521952861692	3.462508797477282E-4
59	59	3.860250797878876E-5	8.458474525603987E-5	7.355930281887682E-5	0.027451350246625015	9.854166943819823E-5	0.0421164522840512	0.016989845171875843	0.4189893942973144	0.4765273770363199	0.017630292738321666
60	60	8.449958934301481E-5	0.28283347427374994	0.0016971510154390591	1.8092576066235853E-4	2.1570439426573578E-4	0.013848753854011317	0.01414821594785707	8.275578676021427E-5	0.631418948606036	0.05548957077187532
61	61	8.272061222167602E-5	0.32048892067196594	1.576288920688949E-4	0.00318470042924052	2.111631511028457E-4	0.07370886913167779	3.162256269751587E-4	8.101352206461687E-5	0.6015839207515119	1.8483721117068297E-4
62	62	6.79962865006074E-5	0.07678817582403344	1.2957084114860213E-4	1.4558981828182135E-4	1.7357596535048022E-4	0.07913037798668626	0.0076766324980780416	0.3078594459193093	0.5278766987998258	1.5193606078560501E-4
63	63	8.198091879297102E-5	0.1834920504263772	0.006117598749317671	1.755329251625938E-4	2.092749156188428E-4	0.12521182895699287	3.133979155743436E-4	8.02890935540196E-5	0.6841348617145494	1.8318438406011084E-4
64	64	4.549931585146718E-5	0.22921738805911604	8.67015675408666E-5	9.742057202937294E-5	0.005906125094464846	0.041369672279341144	1.7393548349852226E-4	0.03974726497046622	0.6832543255347546	1.0166712293692991E-4
65	65	9.550241422474358E-5	2.0926224231273898E-4	1.8198535213701287E-4	2.0448438948693834E-4	2.4379160385785514E-4	0.09898743196744501	0.21391207626875086	9.353154835564736E-5	0.6841223819988413	0.0019495522145877716
66	66	6.243917822244688E-5	0.04667559820091418	0.08071053285440083	1.336912510801762E-4	0.010375220643842277	0.2327113283141319	2.3869344956362664E-4	6.115063231235664E-5	0.628891826639048	1.3951883648416846E-4
67	67	4.6303606404850156E-5	0.19202296993794835	8.823418952499182E-5	9.91426736549046E-5	1.1820047232812854E-4	0.09597366797526172	1.770101377797569E-4	4.5348047341551205E-5	0.6574529538944441	0.05397616906531162
68	68	3.5859540090000124E-5	7.85744300649603E-5	0.0033278153305754286	0.03136781637365428	9.153962088930279E-5	0.11148431563862865	1.3708440065231633E-4	3.5119513314566444E-5	0.6512738073879005	0.20216806776423
69	69	9.911611254659779E-5	2.1718047788836978E-4	1.8887146247210826E-4	2.1222183676649495E-4	0.003856713193842565	0.14597736088679858	3.7890259744928706E-4	0.2793835729997069	0.5694645878716624	2.2147256086666188E-4
70	70	1.3004701285094665E-4	2.8495540909804416E-4	2.4781207491102777E-4	2.7844933809574856E-4	0.25802393394883943	0.10642285470215017	0.002861292134839204	0.014312241756092497	0.6171478267121844	2.905869109386038E-4
71	71	7.305321163948577E-5	0.4224788793880755	1.3920710332689223E-4	1.5641742152199976E-4	0.03471569556823841	0.006660605023231623	0.006919501757402863	0.06780192036806292	0.4608914845205638	1.632356379365133E-4
72	72	4.294194860012822E-5	0.060204056360901634	8.182835691518166E-5	9.194488133266122E-5	0.2725560754490471	0.023431441300466007	1.6415914068938997E-4	4.205576345459554E-5	0.6175281312709041	0.02585736552768924
73	73	6.91937270021163E-5	0.23663387247471407	1.3185263300799326E-4	1.4815371042932E-4	0.001434517050474691	0.11071311839009972	0.021648548728949554	6.776578870326752E-5	0.6289983657839388	1.546117126805475E-4
74	74	1.0828656317554611E-4	2.372745150622991E-4	2.0634628444924592E-4	2.3185708906250195E-4	0.3546171467116106	0.013810114575482476	0.0673449845512587	1.0605187316088132E-4	0.5493160572106048	0.014021880626132929
75	75	6.525380357560926E-5	0.3678835261380598	1.2434488194236647E-4	1.3971776833262436E-4	1.665751547818103E-4	0.017812094481053954	2.494532425958489E-4	6.390717275648431E-5	0.6097905398517568	0.003704587505144722
76	76	1.4351219873278256E-5	3.1445995108962E-5	2.7347076232943814E-5	0.0010743009374960936	0.0010802076622697273	0.16775834801193173	5.48620637637953E-5	1.4055056371467939E-5	0.5304075882224535	0.2995374937544985
77	77	8.47599944531235E-5	0.24980603649702815	1.6151505239839765E-4	0.009426680093825811	2.1636913745533498E-4	0.04624962069490851	3.2402180869409055E-4	8.301081793765521E-5	0.6672638675645977	0.026384118338701162
78	78	2.2544403023235935E-5	0.025459384214763674	0.1992244592446797	0.019310679201952074	0.03243478935387716	0.027055626363249947	0.011561660432555758	0.02297303384309897	0.6217432773200543	0.04021454562274515
79	79	0.04188968422670258	6.911298160145666E-5	6.010425079543513E-5	6.753500149957792E-5	0.26728455102316284	0.11010144514928928	1.205775422398546E-4	3.089063803014642E-5	0.5791588219133106	0.0012172772733682594
80	80	6.243917822244688E-5	1.3681499623921216E-4	1.1898145118318563E-4	0.006944244890788709	1.5939018427947658E-4	0.15779523827733805	2.3869344956362664E-4	0.0023313351788818676	0.6357023802787566	0.19651048211474687
81	81	1.1484273110310378E-4	0.02321683777704489	2.1883944013176317E-4	0.07749246842629162	0.19862895933870597	0.16913938988054872	0.012965493957471475	1.1247274264907096E-4	0.5178540823956559	2.56613310397623E-4
82	82	9.122608492925792E-5	0.21247691853390166	0.08309455002350442	1.9532815409403306E-4	0.06988627461112967	0.058069939463018264	0.015274468902059645	8.934346888632479E-5	0.5606181082738592	2.0384248461746045E-4
83	83	8.717792568354224E-5	0.044566040784579826	0.001750944664323688	1.8666046355839838E-4	0.32511107291351676	0.060247551114049135	3.332651133407361E-4	8.537885076315363E-5	0.5674371111996811	1.9479697050366586E-4
84	84	4.863723952715383E-5	0.23706802373923153	0.0045136036583042285	0.004525061913863544	0.025765508660181513	0.07251669395265382	1.85931186323896E-4	4.763352170358608E-5	0.6525676738327132	0.002761232295497539
85	85	7.05244000855806E-5	0.2257997091117479	1.3438830722774247E-4	1.5100287267603104E-4	1.8002954948883557E-4	0.08335453387622822	0.00155167663489824	6.906900092949156E-5	0.6449409354268607	0.043748130819857185
86	86	0.006152983047303446	3.6088990415796164E-4	3.1384866933006846E-4	0.003346790754609005	4.204386208348544E-4	0.044958039796534045	6.296243723570819E-4	1.6130282820619714E-4	0.7217216518552038	0.22193443015146364
87	87	9.823112457235314E-5	0.01628708183505046	1.8718506690360538E-4	2.1032695036926903E-4	0.007393797487139271	0.003598913635573154	0.3646705711994082	9.620394680649065E-5	0.5786660327561969	0.02879165599798026
88	88	0.008775042256252863	1.4991815891230776E-4	0.0013741799443082534	0.27751463113499	1.7465543714296412E-4	0.06842826141337523	0.023893816501735027	6.700720289874547E-5	0.6157381970968482	0.0038842908535365104
89	89	1.0056574638200744E-4	0.38597088145282543	1.9163382325794066E-4	0.013012736479046803	0.013054127677201294	0.06949970302650026	0.0022126458182232475	9.849038945251597E-5	0.5156345038544321	2.2471173267837107E-4
90	90	1.3128855431182116E-4	2.876758403262582E-4	2.5017790368911754E-4	0.0026678242633988553	0.012268726887896857	0.1814270742873729	0.2988414677352067	1.2857917640973757E-4	0.5037038242460252	2.9336110536267124E-4
91	91	7.494427180957266E-5	1.6421581061249526E-4	0.015129479720092523	0.35302840236223226	0.0029161612018935427	0.08312879180276024	0.026172562909832445	7.339766056845611E-5	0.5096076118531719	0.009704432407026453
92	92	5.584651917257271E-5	1.2236934450591175E-4	0.05594479590354201	0.062049411889675526	1.4256092465809615E-4	0.3391068095559627	2.1349093128567774E-4	0.002085180466361642	0.5360937738826564	0.004185760582179408
93	93	4.946828222458737E-5	1.0839352853756986E-4	0.032468783271182654	0.027983976390819957	1.2627902615367168E-4	0.31296747501500854	0.15846453242255706	4.844741432474743E-5	0.46767210896670264	1.105356824885905E-4
94	94	7.726001228602501E-5	1.6928999694223977E-4	1.472234043099129E-4	0.001569947482836991	1.9722372949612418E-4	0.3328934244769846	0.1828833013389743	7.56656115319022E-5	0.4818140283142069	1.726356324309156E-4
95	95	5.3772034807894766E-5	1.178237918796332E-4	0.05093406846779574	1.1513365183928449E-4	1.3726533213775702E-4	0.21800436866627007	0.31106036204035786	5.266235115251262E-5	0.4194043913500139	1.2015231374532472E-4
96	96	0.03695367996533647	1.084910937301515E-4	0.15491183123964353	1.060140368419904E-4	0.0019265959660451253	0.3321513119491981	0.038893648758194274	4.849102192173638E-5	0.4347893007932512	1.1063517583745224E-4
97	97	2.0695378794722745E-5	4.5347140250336624E-5	3.9436236540611906E-5	0.2528673474992611	5.2829654933520074E-5	0.3442514225947365	8.315641230052929E-4	2.0268292044658482E-5	0.4018248457560937	4.62433243396024E-5
98	98	0.013149466558964698	4.277241370779463E-5	3.719712015094444E-5	0.056819941678186776	0.004308191023050365	0.15117725689491637	0.27331944948399045	1.911749600302744E-5	0.5010829896169035	4.361771412614095E-5
99	99	3.288015046791504E-5	0.008440318707480052	0.17161224400466832	7.040112597413586E-5	0.012636343002197807	0.2301366666400788	0.010287168656171412	3.220160881162284E-5	0.5666783062016415	7.346990250840175E-5
